2527 3 883 306 34 
391 25 876 233 746 652 1418 62 595 394 1214 1043 165 780 503 986 439 278 802 1012 856 1154 585 372 377 1038 578 
2051 30 1394 219 1279 1044 1329 1046 831 974 435 316 105 1421 327 169 439 801 997 982 1033 624 1135 1494 483 501 1432 146 1106 1357 57 1329 
1672 29 543 550 166 1093 857 895 705 722 1430 765 248 142 221 1005 80 1128 1305 1379 515 1478 519 493 746 1403 1114 735 341 816 685 
2291 12 234 658 1347 1172 397 1367 54 723 1080 1173 459 608 
200 13 254 919 1178 798 1186 843 848 738 1031 297 230 156 871 
1575 33 1070 988 197 1175 712 46 449 1498 772 857 812 527 1344 708 708 186 1277 487 1467 108 861 51 642 662 1432 1076 1422 43 1266 1427 391 837 388 
872 15 1152 695 702 20 980 1477 138 889 240 375 677 1213 1062 1362 281 
324 13 559 669 603 1161 608 832 1436 365 332 91 572 531 451 
937 34 1052 244 724 1317 1469 788 1238 625 1321 146 1418 927 1472 757 913 752 1353 902 929 1399 1127 1108 1238 405 649 958 11 408 199 635 981 532 1351 1284 
1239 9 907 1079 733 21 537 1253 335 829 1240 
1351 40 597 693 1155 267 805 658 568 276 457 506 500 1151 1166 902 416 1500 1250 25 881 134 1360 510 552 435 1028 113 8 1452 272 931 473 77 636 1496 1263 1043 738 1394 526 356 
577 16 227 59 52 510 1334 664 1027 1211 357 438 705 376 745 1391 963 939 
1003 32 1015 456 643 450 464 362 1385 701 1022 286 1015 1395 837 1063 1389 706 146 977 529 245 772 667 1479 1476 1013 79 61 655 826 830 683 1213 
3057 27 1085 501 469 1320 628 304 656 98 1007 348 737 164 1419 417 937 31 1009 1251 352 424 462 1219 1452 270 931 513 444 
1897 39 505 447 717 421 792 333 1057 854 1305 245 870 734 337 1095 602 270 368 53 1211 1043 925 1457 131 1240 796 597 1414 925 758 1133 248 1110 525 392 1265 138 784 1453 457 
433 20 1068 491 297 1056 1430 933 537 855 761 601 33 1053 803 638 1496 455 1164 554 1174 186 
137 15 486 1360 685 807 556 1477 1060 332 324 33 814 356 126 635 208 
437 7 1061 1005 1133 484 581 1327 1452 
157 36 546 1474 1410 524 523 1027 1274 24 1055 1315 827 106 404 1423 796 1228 42 1441 987 704 1189 692 1194 1024 1371 480 965 1266 293 1314 6 539 507 1075 197 310 
2342 29 725 843 406 1234 667 412 957 1165 438 489 221 1303 742 399 1194 799 125 130 813 1197 607 1331 720 1087 136 523 950 1031 1163 
2145 39 1211 113 1034 49 1123 928 1104 20 619 1386 1331 959 1237 1053 862 31 659 1123 924 463 1044 1409 1238 885 1331 1424 1209 956 64 536 205 1135 148 353 165 1168 319 258 1160 
980 12 224 391 807 155 215 1431 31 433 366 1034 1094 933 
2804 1 1355 
2401 30 177 744 742 413 1299 1470 693 381 1192 1125 969 638 992 1387 560 1252 693 386 246 87 1488 51 1244 477 208 1386 785 1158 1362 723 
3016 30 591 175 140 916 1039 1172 16 1313 422 149 765 682 590 1106 379 790 345 295 509 1363 1379 1006 573 832 81 1390 564 1263 983 105 
386 29 1039 249 914 538 1411 982 748 1481 321 651 1479 267 1372 1204 878 1267 842 1470 1488 566 921 1265 667 1487 374 334 1312 582 984 
239 5 1257 1192 1141 1032 872 
964 8 1182 701 631 409 660 406 532 526 
659 17 34 793 307 320 1237 560 1398 1215 963 87 1119 578 543 1224 845 411 76 
2998 11 1304 1126 685 804 969 557 1111 1203 941 728 787 
2456 5 655 1014 599 581 617 
2405 14 502 1076 657 1116 743 1302 279 1129 616 1369 249 54 1092 618 
2081 24 229 387 854 744 318 624 917 362 956 62 25 843 137 155 1247 1472 1321 1025 1228 516 901 447 782 1129 
2957 36 1284 417 1090 805 1462 638 446 1492 374 768 775 1122 872 130 1324 963 895 1064 1108 416 652 1235 556 814 1319 73 745 628 204 595 1307 628 11 973 184 1350 
1389 17 1494 902 1314 1070 154 393 1401 109 227 917 100 1097 1214 1432 777 975 844 
825 10 589 529 734 1303 709 614 751 571 713 125 
2522 18 141 234 763 459 222 894 576 8 1212 1156 874 451 1054 240 275 937 1241 999 
2569 18 1176 610 388 595 1078 110 327 287 637 1032 1230 889 1098 1475 1308 464 1108 1499 
379 16 242 318 668 473 859 836 1448 205 1240 1323 1106 235 757 176 756 121 
1338 1 369 
2216 21 823 1376 72 125 1471 157 1430 193 108 1153 662 735 1407 1452 61 1285 219 265 409 108 1062 
1413 32 1300 16 1432 1212 423 1190 1241 125 510 745 1308 622 937 964 1318 97 217 391 43 1105 620 26 34 20 611 670 968 704 1178 950 893 297 
416 24 785 458 790 785 1391 589 1287 414 1140 823 714 677 882 576 730 115 1337 1150 983 763 74 1025 1429 1103 
1709 18 209 898 1265 516 669 1182 919 1004 393 1094 459 886 441 10 1254 681 1064 977 
1662 27 1098 148 125 1225 415 690 1351 1197 144 1000 407 96 621 1033 664 623 1223 1012 1442 452 1014 797 1132 806 799 45 808 
2125 40 254 691 727 960 190 1229 941 1357 327 1267 260 471 403 114 554 799 1237 1287 598 427 552 1198 998 332 986 255 813 1429 1363 156 678 682 575 487 1164 572 274 282 6 1219 
2473 40 113 170 726 761 823 1018 1265 1110 866 1273 981 1498 326 216 1005 24 1475 283 1445 159 750 1304 1224 1022 905 931 762 811 1349 104 283 211 796 1314 944 1038 108 1250 1429 1033 
553 18 114 695 142 736 414 255 803 322 529 912 342 140 1469 1490 1335 1112 387 1422 
2557 20 187 603 258 17 133 1178 1172 1163 1453 1307 800 1386 1297 73 181 1083 1418 116 1181 1317 
2859 17 1113 1205 1258 433 709 4 642 186 576 1356 700 166 819 1210 701 417 72 
2417 9 37 1013 159 9 956 965 949 775 431 
1965 24 1311 76 1479 1176 523 16 960 805 457 874 1472 571 887 94 1207 862 888 459 120 1006 21 216 79 859 
2893 32 7 651 890 107 826 288 1220 394 650 1387 1376 1059 892 993 257 1299 1205 1166 29 1277 824 527 534 975 115 376 825 1417 890 1 28 980 
2745 28 1384 173 632 332 129 83 587 1372 1414 1198 1484 624 1371 9 324 1383 620 1417 449 300 275 1214 453 842 10 143 1478 1414 
2018 13 1174 340 127 545 265 736 740 1419 1049 591 1215 1225 820 
2895 14 1019 1437 896 1106 106 264 554 383 821 715 447 1378 209 781 
299 23 1275 213 1404 405 491 1344 797 91 717 510 1199 772 15 430 155 97 1119 1139 1036 145 790 93 1007 
293 37 345 388 646 50 382 1314 773 1070 1137 1455 753 130 1434 1354 49 798 542 1244 62 1334 211 156 758 831 855 1332 1115 32 670 157 644 373 506 867 783 1259 1267 
848 27 1074 114 1485 386 1471 166 59 849 1183 1206 1238 543 564 742 836 756 148 960 1471 339 1015 1096 812 698 396 387 1207 
802 32 1065 779 302 31 1033 915 238 1143 385 145 293 162 818 122 89 1442 969 506 1115 1066 891 837 125 1080 690 1091 1490 741 1236 428 1272 873 
1410 35 1311 188 378 824 1224 892 75 619 1244 1031 1021 227 1054 823 748 290 1351 85 643 11 229 615 833 426 685 1 20 711 1373 490 181 1073 1340 30 1084 
355 8 550 91 301 202 1020 912 1385 1280 
552 28 1357 384 440 897 1464 854 164 356 257 316 612 267 466 1497 666 1261 210 227 45 183 1415 734 107 465 823 463 163 1414 
1615 6 158 1089 1453 466 1373 464 
1231 10 890 261 1141 441 674 762 232 962 558 505 
2516 22 1457 1161 434 98 401 1103 862 923 1198 208 309 1075 1423 598 105 145 90 573 1343 373 310 620 
2507 34 1095 849 1274 691 406 313 258 1467 225 327 872 312 126 850 637 810 899 497 1076 1333 1048 323 914 605 536 816 890 985 1061 1486 669 134 1446 1359 
1317 24 142 422 1342 884 315 1484 218 1068 1128 625 1217 1185 474 510 823 727 25 858 30 826 695 1236 1492 363 
1763 7 413 320 876 1381 1187 737 1246 
646 35 555 657 222 1422 774 572 1090 944 1474 1405 1231 988 141 1125 1164 1144 120 1250 706 762 255 1498 734 1106 278 1465 562 966 518 1085 974 32 939 224 657 
2162 14 277 477 1440 402 1175 1435 1434 907 1278 420 28 204 391 853 
1641 1 790 
2251 11 567 1297 843 498 1099 416 696 1414 632 688 662 
777 37 1185 463 441 1294 1003 691 222 73 566 1136 1499 16 40 294 1302 762 387 112 861 811 228 115 923 1484 848 315 555 1330 1456 169 469 181 818 1096 921 304 78 
1653 22 1135 390 36 380 206 1126 972 1010 1452 1294 367 447 1430 581 1099 309 661 338 71 890 1489 478 
696 7 588 89 99 242 1190 860 1373 
2227 6 1038 181 647 144 813 88 
1087 21 1331 577 761 980 918 39 1385 834 237 184 828 237 1400 1391 660 188 530 1069 1468 770 776 
118 40 1048 881 575 1249 1144 1268 830 794 839 1474 809 1363 1349 533 434 110 1424 1244 404 660 498 875 1286 1101 651 1293 1009 313 234 760 353 1176 470 1217 93 713 9 1129 713 144 
1471 11 1003 1286 489 263 1041 568 797 1214 2 1418 1028 
2390 23 1405 395 1113 1064 503 65 514 831 1371 1433 1424 20 379 678 1034 241 180 739 1241 276 177 1185 644 
1274 8 770 1052 776 482 452 540 177 144 
1621 12 53 37 615 1407 360 950 1011 3 1047 132 1193 860 
1042 8 1147 382 616 961 87 1447 1177 37 
243 6 1275 9 152 249 497 1122 
678 4 1169 532 1067 1151 
1275 19 194 574 507 934 389 755 639 531 754 624 418 1408 644 1217 1374 391 1166 1264 150 
2065 33 551 1299 572 98 674 1012 879 1171 854 1236 1452 756 109 1371 1260 202 335 1172 1042 699 276 255 32 1441 735 1387 203 67 1350 425 401 1440 1315 
1573 6 59 506 321 14 774 1432 
655 4 1119 235 20 195 
1267 23 1143 1364 1070 1265 1035 925 356 479 360 1232 1261 263 838 371 63 375 598 1382 426 983 513 1185 56 
2099 23 500 1186 898 1474 569 1155 925 408 317 903 605 644 25 103 737 1228 898 143 276 459 511 1340 339 
176 26 575 295 107 1453 797 215 658 210 845 464 928 57 95 1151 418 345 486 194 541 14 261 1267 916 818 288 817 
171 17 1154 53 836 1453 670 1052 1300 689 610 933 1057 1329 895 350 1415 1112 1020 
3057 9 125 787 821 892 1420 1205 24 139 803 
625 2 1030 906 
783 15 562 807 751 951 1195 774 669 746 751 982 390 163 1446 1032 1062 
741 7 224 1490 90 470 545 1217 771 
2237 37 364 1311 1432 957 980 550 961 245 610 40 1269 971 751 786 840 24 329 829 1138 627 918 306 117 675 996 261 222 1007 68 1205 676 1248 1026 1147 412 538 189 
1301 5 458 23 23 673 1284 
599 12 1485 399 428 890 478 53 1150 256 765 401 1151 1446 
836 9 1434 330 1042 1437 488 243 1115 1041 487 
742 19 1371 947 687 1433 1297 589 414 1102 51 851 547 1167 204 352 798 1491 790 1020 1144 
2341 28 323 81 547 1147 1103 92 1259 439 918 933 443 66 1052 709 478 639 288 410 398 317 479 1316 509 862 1018 209 1355 390 
2983 20 1374 823 39 1168 760 1331 1277 35 736 1247 394 831 1400 825 1460 1349 150 249 7 1449 
1669 4 1406 369 1215 1047 
773 25 672 446 237 1306 408 262 522 765 1041 99 563 39 578 1294 355 639 1199 588 273 791 697 879 948 378 1374 
2916 17 230 1137 625 1210 602 550 1093 293 334 797 725 1240 589 273 1493 229 687 
1090 31 609 1391 191 489 545 35 1202 558 381 1479 588 1130 588 1042 305 1242 120 887 586 431 442 1468 1097 665 1297 556 97 17 1296 182 1022 
2501 16 592 1253 558 810 469 498 1160 1441 302 1483 521 80 803 116 1354 423 
3016 8 756 1062 1039 539 1345 129 1086 1212 
2896 30 581 1193 143 1156 517 784 55 518 868 1217 340 96 404 1117 2 111 663 1381 495 42 452 707 489 1012 732 764 1073 969 335 1307 
1062 33 1328 633 1215 1226 1180 709 1398 136 1325 1470 291 1413 541 343 243 1323 91 46 1479 699 1488 1408 282 296 83 283 970 915 1230 825 1499 743 987 
1440 1 676 
658 4 1169 1044 588 1437 
2890 18 777 1268 346 71 210 3 1161 1445 1025 962 1177 169 284 1285 931 168 632 307 
1486 10 706 1029 265 976 139 824 143 106 1257 1047 
758 2 1108 1257 
2206 6 1498 1445 478 1200 799 854 
2283 1 379 
1660 1 1225 
2808 33 1469 421 520 747 116 692 176 981 293 402 320 1260 1296 289 301 1233 1248 910 781 1080 1445 1180 281 591 970 863 264 848 1298 448 597 458 85 
174 22 253 5 1494 626 201 750 960 348 1051 841 935 1093 377 1155 1294 812 683 1050 737 948 706 1364 
1802 34 22 324 767 631 986 465 494 1484 1143 1264 1344 449 794 806 1024 1302 197 318 761 492 392 1443 762 1391 1438 1165 252 512 1255 656 49 586 1098 1386 
2308 5 163 1271 853 270 1190 
2833 32 376 328 485 54 530 417 223 361 742 1239 1317 213 974 707 939 1239 421 549 337 434 452 1232 209 634 953 878 858 80 1228 573 870 1157 
1171 20 436 958 1428 1108 1205 1360 555 670 248 533 368 1255 1063 11 1358 693 1248 908 1392 222 
2355 33 1432 246 511 1247 1493 614 136 779 9 41 538 860 852 502 615 286 182 228 868 1322 1003 189 309 248 1049 314 235 900 401 1073 107 300 746 
1804 4 1178 554 538 308 
1869 39 476 1295 101 437 274 689 1160 41 1445 433 1126 193 823 958 195 380 565 533 163 1097 96 351 690 483 1415 1216 145 484 947 743 1093 1066 597 944 967 13 472 1172 940 
1721 27 1432 674 839 577 1173 1194 48 853 574 55 214 845 1422 627 1234 829 1476 1404 1312 349 840 206 773 555 1112 1000 954 
2153 27 848 118 1180 48 446 229 316 322 423 217 1379 219 1226 73 1444 767 863 293 691 218 1392 585 928 276 1237 1397 831 
1490 30 61 881 702 238 224 148 590 1138 770 1008 926 1388 55 599 523 966 1418 462 1407 54 1222 1500 329 1027 38 238 1306 1108 1090 160 
1865 7 1217 1228 262 996 338 1448 828 
1226 4 1064 244 663 1429 
2127 6 589 540 607 412 653 358 
1880 17 410 1222 1478 1498 76 8 499 416 961 1196 1468 326 141 1430 999 1464 503 
2568 33 1116 223 248 402 61 585 1157 1226 429 710 200 849 603 894 1346 1018 1464 229 543 435 1217 142 852 656 1430 1025 137 478 126 612 1274 474 427 
403 17 19 1047 396 567 1307 1150 110 1326 1009 986 241 1238 871 129 524 54 973 
2305 29 966 18 1387 63 635 853 600 940 223 852 872 778 265 196 1356 713 727 284 1276 570 1242 624 518 5 42 1420 1192 479 675 
2044 26 830 866 1118 355 1273 800 1115 1408 729 92 106 459 580 191 244 184 1176 641 923 1390 1136 729 1047 1496 345 58 
824 21 1215 772 1438 797 349 1304 1233 273 2 1316 13 426 701 1472 849 240 480 554 1065 924 837 
604 28 1316 1189 1303 1190 715 476 973 756 481 381 950 1101 1147 197 1116 975 1386 930 30 86 760 1226 1309 137 1312 78 941 1247 
422 36 98 640 227 1246 716 1220 327 760 792 350 667 563 1049 1301 377 1020 1025 935 524 69 831 631 1180 691 969 1129 1350 108 981 1207 130 1025 54 330 570 82 
323 1 449 
2907 35 758 939 75 1412 1467 198 678 876 1006 1022 1032 611 467 149 1164 1405 626 1075 1067 466 1117 520 504 1391 604 105 376 550 1199 1123 1180 1134 1134 1058 900 
220 34 983 245 330 1060 1064 29 694 707 560 429 1420 139 1481 1355 496 208 793 193 1250 1267 905 1338 1192 603 592 1384 533 506 1059 1086 258 1187 263 782 
1835 19 611 301 712 487 1196 522 1476 17 1183 400 1407 1164 1213 224 390 501 585 543 880 
639 5 144 391 79 558 976 
1243 37 1034 1029 1497 1462 934 1492 1264 198 73 355 115 15 798 267 234 767 241 946 889 394 1073 167 814 64 400 168 545 697 715 784 1335 593 684 1211 204 219 118 
2410 31 1489 99 1128 1003 334 760 814 54 514 764 1189 1281 709 877 182 968 1451 92 112 524 1111 1235 821 354 863 334 730 1496 43 789 992 
1849 35 647 453 458 10 44 503 643 1200 294 466 616 279 746 660 781 1074 746 580 133 178 1401 463 303 830 459 475 402 273 889 713 1366 433 212 194 616 
1853 22 660 317 1407 1344 1042 168 684 543 41 1464 489 8 1124 607 1233 774 918 908 1323 303 51 1106 
1256 10 140 546 1306 791 1395 1003 1222 419 643 92 
2574 25 91 226 1071 641 561 698 1115 884 817 1261 681 1493 494 1242 1193 199 1009 340 281 926 347 1373 1431 502 585 
1860 12 717 1174 1487 769 1313 543 1001 1032 527 56 1399 92 
2245 13 1334 102 1474 600 541 317 746 616 527 975 767 201 898 
1211 31 970 656 137 1399 79 528 1177 1093 1273 95 1301 429 962 755 1354 1456 1261 115 251 1213 670 1081 862 400 858 1141 1371 76 170 142 176 
2921 24 570 1328 1426 245 1473 610 1112 337 1154 747 155 512 153 1319 1372 666 48 488 1019 813 1373 485 82 1166 
1907 34 586 1285 397 1207 613 545 740 158 148 392 319 237 754 1310 19 652 594 72 791 1235 682 683 1429 851 207 1130 666 402 638 1188 1277 288 1072 1216 
2290 19 138 767 1021 1450 420 608 1065 285 832 1182 78 668 141 307 1027 607 1332 427 442 
880 29 891 444 548 1115 787 415 648 818 158 787 1325 1461 677 159 1234 1447 509 1181 739 816 1424 143 891 1272 250 762 426 700 1428 
1953 5 198 630 1427 1188 1178 
1644 8 1158 992 943 955 1468 536 1098 980 
1745 20 847 1405 1107 1145 956 109 20 44 996 632 514 589 465 322 288 1461 281 339 609 997 
1320 23 1260 503 1199 697 385 517 768 701 768 959 1438 214 652 680 414 261 431 752 972 508 908 768 997 
2989 25 1062 578 176 320 1131 327 239 263 838 1423 254 1051 1483 370 158 245 1072 466 1320 930 179 418 468 1141 1040 
307 40 710 360 470 1186 862 378 852 1097 888 801 56 117 122 530 1405 370 424 443 572 1039 1476 928 143 403 1290 93 768 519 574 1133 563 218 1312 257 1275 1190 1463 1292 1230 1107 
773 5 1350 1429 463 690 574 
1356 24 100 758 919 654 754 586 683 1300 338 213 257 1293 726 996 1279 57 708 252 1305 309 1340 1014 106 1025 
544 18 1494 554 974 654 398 361 782 760 1460 1226 18 169 347 855 1223 19 1177 1235 
2766 5 767 618 1423 225 1020 
1459 3 995 1034 1082 
2404 28 218 1036 46 238 746 1232 85 858 1244 1202 73 1173 52 72 1483 867 662 279 44 761 502 191 545 1235 676 251 183 1369 
2934 21 1235 1037 891 225 1223 212 1025 1195 1194 1084 404 770 1278 443 494 662 819 886 413 946 526 
1271 15 227 639 1000 998 1491 967 128 920 1189 133 119 962 344 24 1334 
1026 6 292 650 496 795 1037 117 
1936 30 821 722 554 1128 1324 1286 1047 202 1203 1493 337 227 824 1132 439 139 323 1244 1159 490 317 191 880 349 188 485 1159 977 1067 241 
2312 8 1279 205 1257 1124 963 1259 982 386 
259 38 660 1284 512 37 810 58 55 78 170 898 819 1202 84 307 1420 463 1155 1227 931 386 1061 847 408 1342 886 642 1241 1008 448 1032 1362 1184 518 1394 830 1367 921 939 
1878 3 1462 517 1448 
452 6 1356 190 213 1130 1330 933 
2858 7 260 621 1392 852 299 77 1351 
1812 11 858 101 120 624 890 979 398 102 1067 702 697 
693 7 763 651 1477 358 276 1085 709 
2093 26 1401 1214 221 833 993 583 392 673 1085 968 855 1383 526 986 1117 1059 404 282 1257 1139 617 626 889 580 1095 370 
2577 34 372 1197 1273 1042 148 1298 1476 1052 727 1389 656 459 339 926 489 1044 648 670 478 1360 534 615 779 385 87 445 672 587 682 26 1036 649 1499 1033 
913 39 879 1087 583 189 1363 522 1452 219 488 719 93 282 822 1197 753 3 657 1386 60 1422 555 1022 563 866 791 926 712 1388 557 1330 865 17 1180 682 129 868 792 1425 1336 
238 16 1455 1426 276 163 38 535 1438 109 1011 1421 177 160 542 579 1364 1344 
976 16 62 28 876 327 952 173 1438 202 1089 64 719 749 1429 807 71 408 
1020 12 530 423 183 1034 1125 1109 1098 92 292 1011 1094 691 
2275 6 25 474 1330 107 1496 1184 
407 18 908 1077 92 870 903 1485 759 155 1063 629 692 1401 1353 1239 121 836 1009 193 
3032 23 666 689 642 1177 112 884 297 1158 181 306 696 1134 25 584 747 727 203 1073 1234 480 1493 426 142 
2525 3 74 1450 974 
854 20 836 1387 1025 234 388 502 1107 293 216 1011 140 374 797 1005 892 225 421 892 1307 800 
336 27 1487 1467 444 1337 1127 1085 589 556 1394 41 1246 1208 679 921 782 192 1010 431 1204 10 799 455 1100 356 873 992 1329 
813 18 666 531 142 305 771 35 1446 660 129 502 1309 167 1308 1010 733 1005 584 483 
2862 9 72 1052 507 991 352 580 645 1120 1265 
1159 17 364 603 137 707 83 943 1259 450 670 494 212 389 530 480 1457 1278 477 
656 28 855 84 1150 425 1203 809 143 274 958 1162 507 1109 155 697 351 867 1305 281 708 1367 1051 1237 1471 231 417 156 734 1019 
2571 32 949 228 1341 1067 215 895 1073 1247 1102 741 879 45 1107 77 298 897 849 1056 1388 467 675 252 1500 237 1126 1400 368 1199 98 999 754 979 
399 32 984 315 903 1137 1209 63 277 1030 614 267 1001 7 1377 1368 775 64 569 1230 811 677 890 378 221 279 1218 729 1488 378 1144 621 1458 1311 
1880 30 1008 1307 908 183 1454 981 1105 270 1281 852 69 1114 111 1276 1387 604 431 1351 95 1236 1061 1487 68 64 1172 79 403 1025 1202 38 
2181 9 672 399 1117 1065 152 1225 684 448 659 
1267 4 739 738 332 79 
2709 26 1086 1298 415 1150 633 749 1206 770 95 406 597 1086 464 973 1233 893 1310 756 996 1394 882 609 712 198 186 640 
1742 3 1163 307 413 
2960 37 727 1156 1264 117 1253 1406 557 861 305 1304 164 1382 466 940 53 119 629 900 441 1365 106 849 83 1047 825 363 1352 1458 933 195 1404 632 191 1029 378 362 1465 
1695 26 1186 565 1178 1461 644 1231 292 389 503 781 1228 789 146 290 1437 1118 994 1229 461 1155 1197 1441 1090 467 1109 273 
1270 30 1084 500 1423 993 90 192 1118 1005 821 870 143 24 357 604 802 670 1380 706 731 227 484 1054 871 150 1383 545 1177 1198 473 1369 
1418 30 488 402 985 1258 392 1009 1090 1327 82 1178 67 936 907 1496 41 319 88 129 435 954 76 240 623 1235 1276 1391 1287 632 811 456 
1638 11 570 839 129 141 393 1413 925 161 1082 880 1351 
1318 17 975 1429 245 510 959 969 195 1239 841 815 546 1161 14 630 694 612 553 
2332 4 1349 712 1115 213 
1595 14 1484 1277 466 359 1230 1322 853 64 515 1121 177 792 1237 1233 
680 3 1141 1421 382 
1246 17 1392 1243 688 899 1371 870 348 1455 1203 1050 699 29 184 742 731 158 349 
2611 27 1481 193 877 153 591 705 1385 898 363 770 2 1485 1480 122 706 738 103 514 1432 468 841 923 1470 868 853 1090 833 
2800 2 220 860 
3096 8 409 228 529 563 367 807 184 340 
1538 14 1116 55 1364 449 158 776 995 1396 1255 450 573 421 666 616 
2573 19 1240 1278 1278 397 449 576 955 795 801 706 1095 145 783 32 1006 461 56 534 521 
2124 32 146 980 610 1089 636 705 867 1480 811 322 565 712 1418 917 531 1460 1466 1285 1208 8 1250 1384 904 6 694 92 584 1018 1009 82 162 1277 
1408 5 1213 706 8 990 1019 
110 20 352 515 677 538 487 773 344 1220 557 1351 922 108 584 895 1442 1488 516 479 641 484 
719 7 608 193 532 601 1111 855 1490 
1488 37 1120 21 200 1320 634 353 847 463 1415 965 168 475 713 1429 672 526 65 104 561 1262 947 896 729 1269 1022 920 1231 1163 947 347 970 1116 1148 753 201 92 919 
2170 2 257 496 
1505 38 260 1407 8 1359 702 517 182 1342 1340 102 993 1315 740 1424 1292 1279 454 238 594 358 1116 163 1012 157 33 587 780 946 172 470 1047 841 1332 288 529 25 262 929 
1646 35 67 370 110 78 10 1323 265 980 237 162 114 1056 715 852 229 1429 1220 1247 778 350 6 676 26 170 639 398 87 1110 775 519 535 760 1295 117 834 
1813 38 1207 995 1363 191 873 181 1209 871 701 74 1437 780 1028 407 79 1098 788 249 45 593 1195 96 729 852 340 914 468 1073 1160 838 1326 492 1200 1141 676 1424 1470 1185 
1236 19 61 1449 1392 146 4 704 1288 333 345 93 1065 767 1422 158 638 1454 44 723 1288 
1707 28 718 926 1473 723 1297 958 241 1268 103 1263 76 1348 1031 1226 336 665 1021 1078 638 1183 1438 479 661 735 158 735 1047 80 
1839 20 304 820 1118 668 1324 562 361 309 836 33 299 723 97 1078 1196 1201 104 749 1098 920 
1388 6 900 934 1201 273 1172 553 
548 34 11 866 958 1379 1338 341 558 571 1202 1318 640 744 1257 490 654 366 1127 294 1361 1214 26 195 339 814 98 227 1281 358 628 307 984 204 517 1389 
696 27 1297 184 765 932 156 97 702 365 81 944 495 1127 1442 816 1448 231 55 691 382 1011 354 285 416 829 269 79 322 
751 6 551 1141 859 36 766 815 
1798 31 1049 1308 808 726 1176 1413 638 259 792 632 1384 479 1067 829 1261 1294 489 355 1402 265 629 681 188 317 1277 974 18 679 338 423 718 
670 27 133 165 270 1079 511 1244 703 81 377 508 287 660 665 96 979 1011 236 1082 366 1322 53 686 1360 1282 373 1466 506 
2421 34 439 687 602 550 548 675 524 242 889 634 25 808 1157 1050 409 888 416 509 1082 166 1051 713 466 508 892 865 807 809 210 881 1478 291 409 32 
1230 17 482 257 988 796 617 1415 224 12 62 694 1235 341 150 451 155 870 1210 
433 40 1164 1381 333 1115 451 474 323 279 1470 740 926 886 1284 205 1186 355 448 537 880 608 1433 1207 529 125 912 92 611 1473 578 639 36 1233 484 293 964 1495 858 466 169 1069 
343 11 889 854 487 1442 17 184 279 1087 131 1322 1283 
587 21 744 34 1371 1063 305 1141 939 1356 440 905 368 1230 758 54 343 180 63 584 200 17 851 
1916 26 1425 871 1187 1308 1241 1344 899 1054 588 164 950 716 316 1478 875 120 1379 1230 978 1214 338 473 491 707 1429 154 
1873 22 69 1147 786 631 439 1294 1111 573 786 1370 1312 731 998 1096 1180 1417 954 1273 1257 912 575 1147 
898 15 1233 1268 282 879 419 409 374 2 1346 603 566 1039 207 894 1267 
184 38 1388 250 100 13 1160 361 1100 1224 798 690 1293 501 374 508 1399 328 990 466 627 1197 1 489 298 384 1306 329 1176 1497 830 719 1147 1432 677 334 653 1239 617 136 
2087 16 916 42 157 904 467 1326 578 73 1048 279 740 466 742 606 511 455 
1496 24 1312 964 628 76 897 634 1273 879 867 478 867 461 636 552 283 806 878 82 195 480 441 888 641 154 
479 39 155 418 1345 1299 511 1115 662 850 1188 1258 266 470 237 665 700 1076 1218 1105 970 125 777 705 1282 1217 394 546 986 931 458 1146 1001 432 832 231 1408 1428 338 816 157 
880 35 691 1090 501 153 597 1026 538 384 378 673 1399 99 855 676 382 843 1377 814 592 710 543 465 1101 1079 631 801 1357 1058 521 715 1470 844 1421 233 1254 
227 34 968 219 1224 907 1333 1106 1480 568 84 733 499 904 590 536 902 62 1354 1242 569 50 526 1303 644 1005 699 552 49 999 659 1459 63 1028 329 597 
563 33 834 981 866 353 174 46 386 335 612 663 294 542 231 890 1389 658 653 254 860 1009 421 1249 463 1058 468 1150 1345 780 167 1266 1276 282 1196 
1865 33 1109 902 520 7 459 942 573 205 323 339 470 992 745 80 934 689 128 409 132 28 41 520 1333 155 217 949 711 474 1133 967 435 1014 433 
2771 16 470 375 1042 1174 676 1138 176 1490 513 607 1041 570 712 190 1407 160 
1387 28 1311 514 1196 1151 1395 232 971 551 295 1165 1097 1384 800 1299 560 1191 1174 305 1038 146 417 78 722 118 1135 360 460 1451 
2742 34 1231 1239 669 1401 1197 591 904 1285 129 914 696 440 361 146 854 1263 897 364 1465 579 1184 435 686 250 299 700 26 734 26 1328 1490 594 1448 99 
1817 36 910 203 362 1445 716 1184 1251 443 910 99 1118 672 580 1393 1107 612 993 57 359 641 797 352 1173 665 294 164 606 1483 975 403 1451 990 610 658 1100 874 
2935 5 1370 864 1374 1088 325 
2855 14 322 1123 1488 1370 225 992 972 1444 351 1210 93 635 1000 332 
890 33 583 1226 126 330 941 167 1154 804 271 567 393 134 348 653 861 210 276 1371 527 1242 1042 1125 1352 875 516 1028 157 1445 802 1457 772 966 152 
764 29 661 78 1057 1150 576 1496 648 191 869 811 1268 724 21 153 74 1321 562 345 1478 774 1063 15 1387 307 682 968 483 607 701 
1300 2 631 684 
2547 31 454 945 748 59 422 777 1070 280 1433 406 168 520 697 1342 628 1256 1053 959 24 379 1189 1019 54 132 328 255 330 155 388 38 1395 
1776 29 683 1241 574 253 1082 448 751 964 166 574 562 1184 45 1318 1377 1156 1352 1068 928 956 963 578 338 587 667 1452 1446 543 316 
1023 20 325 1433 237 499 1322 1497 857 991 1377 509 745 454 618 964 32 210 670 706 946 59 
1595 24 954 1487 119 314 558 1185 1033 1473 2 982 68 444 344 309 1035 794 1246 226 387 550 1256 445 1035 414 
2615 12 36 124 503 1126 469 658 557 945 1050 1015 1184 187 
1130 26 757 1297 1399 1175 1444 7 1001 268 1418 199 28 778 1335 187 474 468 1281 1261 314 1386 1197 550 1002 234 424 1030 
1257 15 911 636 675 423 1210 1143 670 959 467 1431 1136 740 873 1029 754 
1187 31 1165 713 1453 195 1295 416 378 962 620 1193 563 1286 5 1040 222 129 780 145 139 1380 798 621 1499 1188 284 252 17 308 394 1106 785 
1250 25 1030 1490 859 869 1142 1157 1346 1418 676 1467 1035 850 412 335 777 3 1055 1119 643 180 1379 444 392 102 773 
835 25 113 243 312 27 349 174 759 995 930 911 1426 1171 1166 56 91 492 761 877 450 1136 217 323 1402 144 695 
1721 2 442 485 
1349 13 503 722 947 1022 1484 415 397 123 794 340 264 1290 807 
2209 12 1305 1439 1418 1429 589 464 434 802 517 614 730 984 
2403 14 1133 44 483 795 1009 616 1139 5 705 1222 78 369 710 1057 
2331 18 1404 1370 37 55 913 1106 178 1168 1266 1117 52 517 1085 650 215 292 579 983 
1697 27 210 503 830 1314 94 143 306 1034 1100 106 174 1418 227 1496 1239 1441 1358 141 357 628 657 625 1350 1014 580 923 22 
1444 5 667 1063 470 1474 516 
1967 12 325 350 812 1492 1018 507 376 921 1126 100 849 1167 
108 2 67 1341 
2982 13 315 1119 679 765 342 212 416 1163 1330 1488 1467 147 700 
1801 16 112 327 1412 188 1011 579 1094 983 1000 1370 960 1375 1133 1227 78 321 
750 32 119 634 1486 698 49 568 777 678 1306 538 1240 1146 556 186 397 673 853 1086 991 591 330 473 788 788 976 1178 313 1362 1156 1141 105 537 
2750 13 984 255 21 1002 1315 840 1311 751 1062 204 590 231 372 
2493 39 64 672 663 868 1176 722 420 1300 91 799 404 1201 921 893 917 589 412 77 817 139 1444 1054 643 284 1155 1198 508 1285 1147 283 827 822 30 663 688 724 1200 132 301 
1810 3 155 692 923 
1094 16 677 964 979 901 131 691 688 1078 636 735 1244 620 1102 540 1374 304 
1663 7 536 1163 197 958 21 16 1027 
2248 28 493 1439 1306 837 673 1072 468 818 1250 781 46 625 1135 427 1070 1428 652 1135 460 1416 884 488 889 1119 791 1131 711 447 
2543 4 1215 880 849 800 
1743 1 562 
1946 26 726 1266 1296 311 478 1012 879 1120 1402 6 1467 764 841 671 508 1016 29 1446 570 898 1118 421 646 1008 934 1111 
1403 7 65 1273 538 917 1141 447 308 
845 37 1466 1113 414 273 1013 61 1448 586 1121 1055 193 467 1489 769 284 1007 1186 81 1252 357 286 850 1434 56 827 1240 421 525 407 1160 1352 457 757 808 1407 135 1090 
1657 8 417 622 1318 279 1350 596 1320 1371 
2515 21 414 100 1119 1235 551 734 1486 516 769 211 1016 1419 265 440 226 649 1133 715 295 809 201 
1368 19 601 1276 758 309 563 296 1049 18 672 325 1167 99 1206 587 490 523 636 1467 886 
571 18 15 866 1396 874 815 419 973 326 1179 1190 733 687 898 347 1191 806 605 1446 
345 16 785 961 1429 1299 1117 1022 363 1183 1499 1242 1232 874 1405 102 119 168 
1438 18 409 185 87 59 681 780 248 921 1026 1360 62 1036 970 829 558 186 921 2 
2737 14 838 924 988 4 547 1121 339 861 147 770 944 1132 523 50 
1957 37 109 248 1341 1052 1093 1150 160 305 1324 315 130 743 835 118 321 1183 1076 864 148 323 1423 832 94 934 28 121 163 637 451 436 1368 1071 675 231 753 1205 351 
2015 3 817 539 1006 
177 11 1451 1376 515 744 73 1243 915 1011 1079 39 122 
2989 38 1469 552 1334 813 748 400 421 677 1336 818 1075 746 822 910 482 714 865 1205 519 1193 1356 1135 1410 621 1305 18 345 647 1466 550 911 845 726 190 674 141 206 610 
1539 6 176 157 982 169 616 1245 
2785 19 1361 833 641 1005 1490 78 23 880 1030 1440 1491 779 1421 343 191 877 880 1414 770 
1318 30 63 822 1222 99 385 478 1460 165 1357 1160 865 662 78 440 1244 598 1112 742 611 1133 727 1083 271 1331 409 1466 1151 350 1119 1464 
1611 11 731 1418 17 689 440 1008 1211 458 474 1217 700 
1575 9 185 748 83 376 496 136 68 676 413 
3074 25 1295 319 713 1061 922 1262 1002 1495 190 813 178 302 750 711 1427 1372 927 1176 644 211 774 78 306 7 686 
166 17 1057 846 700 851 831 421 1378 1373 941 1266 560 1050 1068 726 909 1431 1493 
1599 16 862 1096 761 669 189 1046 1040 1282 459 1280 1267 510 724 793 82 1128 
1746 37 152 779 305 154 852 252 805 99 2 185 1064 1324 202 337 453 517 891 176 1463 130 860 1085 1157 1167 1447 1193 631 971 1491 237 524 1291 188 7 787 1100 1368 
691 5 1064 1316 398 1195 1393 
2186 12 1352 798 606 918 122 1383 469 44 1070 551 997 1296 
1583 17 1235 1336 1392 1064 208 124 889 450 329 1064 1388 1290 108 1150 1045 465 1179 
1368 4 1294 1370 230 690 
2524 20 34 117 474 830 44 537 85 1234 856 76 345 461 169 1321 578 1239 1078 1253 459 1496 
1154 18 111 1296 686 67 946 1054 457 755 684 48 199 629 58 230 973 1373 1128 629 
1024 33 634 138 827 354 1126 1127 672 395 1405 1465 37 638 1373 8 105 1499 1046 402 289 774 1251 1110 75 192 780 656 161 176 1294 1192 832 645 1051 
939 20 56 1207 813 149 436 781 1182 599 250 257 411 1198 506 42 835 660 497 260 342 627 
400 32 440 1002 1426 995 1110 828 1026 1336 1038 975 399 204 873 902 319 1395 1448 789 1280 545 626 27 1286 466 645 118 1278 345 99 1014 704 1250 
1458 19 1275 343 168 57 251 580 345 1025 883 203 1173 322 828 907 1442 431 110 750 1296 
1453 18 737 531 253 1335 1075 993 325 1365 586 793 1233 367 989 1137 1396 991 1265 549 
140 24 94 1340 461 303 596 1014 1466 486 127 1090 1099 1097 128 602 1435 1186 326 1430 1039 160 699 29 698 482 
1153 14 844 832 489 309 895 882 434 288 763 1228 632 1156 573 954 
2798 32 876 369 31 606 612 1445 173 1067 368 485 971 1264 1165 732 430 786 97 109 1169 230 843 361 319 1189 1405 1107 997 537 1280 157 421 1073 
2330 25 726 1430 774 62 1466 591 416 416 1060 333 815 793 209 898 315 874 1412 1251 882 945 849 973 1222 1356 100 
1492 11 1106 291 718 403 909 345 138 227 1316 19 1476 
1351 17 318 1249 878 1477 255 1054 51 1127 644 257 1355 1367 1092 1393 711 376 433 
1306 31 111 1039 1166 25 945 1103 1167 86 355 1385 454 103 445 1147 628 1125 357 1399 609 784 1048 175 1271 1382 1153 1083 1195 1330 1281 375 800 
3006 19 634 902 692 905 642 1093 476 623 656 14 358 1006 1370 261 1372 407 247 748 459 
204 19 458 1164 1432 1131 379 202 136 1124 167 712 982 779 1274 892 713 452 1435 404 1164 
1954 32 367 833 1394 80 1248 901 369 446 411 642 1450 1121 1176 665 316 1005 140 954 566 677 989 928 916 849 1113 1205 110 818 1350 1122 48 131 
1511 3 748 927 1228 
2576 9 632 172 23 380 1242 1474 642 650 156 
185 9 1138 106 602 1321 755 487 1432 1238 1079 
372 10 437 497 52 665 90 848 511 1260 573 245 
1160 2 793 1255 
269 19 25 1185 1136 747 675 468 1405 1423 1397 745 806 1156 578 713 241 1225 1453 1239 86 
859 8 962 1491 177 991 1360 1014 1390 978 
2816 7 142 1269 672 1346 687 950 731 
2997 5 28 1266 211 789 478 
1813 30 442 274 814 1378 1263 72 1209 392 318 869 5 1026 1319 788 1032 901 1379 930 1137 138 702 164 1493 818 311 347 542 905 1228 1139 
238 19 326 372 694 559 397 261 367 1117 835 906 201 1391 1001 413 814 411 1371 395 606 
1558 21 176 1204 269 950 620 1460 1037 296 1475 164 364 148 588 426 822 351 1481 26 508 692 402 
107 30 73 263 1300 1414 1197 1154 40 246 1140 758 901 798 672 716 1182 126 1049 620 121 494 28 556 991 615 704 1075 1471 1281 166 25 
1785 29 170 1424 381 534 481 526 1474 422 257 166 44 558 179 32 834 906 1168 921 1390 1045 594 13 1106 1141 732 175 498 829 1077 
302 27 1392 88 6 267 498 159 895 878 8 74 1371 1373 1145 911 366 85 1137 1260 905 542 1332 323 760 1025 1165 1140 361 
1229 28 787 536 982 1046 284 992 552 210 1212 13 954 475 1258 63 1087 1257 422 48 1303 1104 933 354 1466 1116 966 1464 472 938 
2657 21 1441 409 742 384 1372 1248 677 1153 1453 983 163 696 1215 624 138 110 167 273 1278 272 1359 
482 16 995 938 261 855 1124 1409 237 817 319 121 693 929 11 641 1166 311 
2542 18 1001 385 1360 1337 511 1272 862 786 439 1123 1068 631 1073 1039 736 1086 2 330 
1137 18 665 902 527 751 952 112 709 569 295 462 1261 763 855 1489 986 1036 1447 615 
1755 38 1216 643 1295 461 531 1489 237 1426 55 580 405 572 1047 1499 961 1299 812 672 638 100 1119 1067 1491 1204 314 471 152 532 1037 1312 1472 1011 1363 340 145 966 136 51 
705 25 473 1337 952 1203 1462 183 245 1280 1276 1228 1291 985 683 257 1465 1020 750 31 807 1476 676 905 78 1491 889 
2124 2 462 561 
234 39 41 716 643 9 1095 587 1262 220 1404 1250 1017 1490 409 287 1057 1463 528 977 1290 160 1061 713 897 1387 1216 369 287 910 73 734 916 1388 912 919 1320 771 924 318 437 
3039 33 319 13 393 96 1218 1454 1285 896 1418 571 821 447 1359 988 1329 1191 824 1293 1137 1086 606 927 829 1399 1323 1267 1230 137 574 603 643 1328 1170 
2141 14 1238 593 864 608 1376 167 814 1236 834 47 1271 1018 505 1413 
2122 7 98 921 930 926 1117 1111 1197 
2809 24 800 84 83 805 1168 239 895 1263 1283 595 126 912 961 504 1107 354 1233 33 744 595 705 1233 292 905 
2511 11 64 536 840 596 172 47 767 133 394 1044 548 
348 34 639 1185 1188 984 227 1175 1400 348 410 1164 1258 89 60 372 260 792 75 371 1310 1109 1206 706 266 102 783 700 197 1262 548 1491 831 1293 1497 1183 
2173 15 1238 362 342 594 144 112 323 1276 78 797 715 199 1144 345 317 
1013 28 80 355 1357 751 114 116 521 1443 280 1485 387 1278 988 649 1073 1177 945 1482 117 698 1339 1299 512 487 969 558 130 884 
1274 30 1280 950 1206 482 1393 545 586 927 486 239 1376 828 1468 1158 300 934 1136 432 257 249 288 1185 698 454 223 705 783 1258 799 606 
520 5 186 1264 773 651 1463 
2162 12 361 921 533 1379 983 1284 745 1345 1448 1202 475 1269 
749 25 1221 732 1484 280 773 1044 862 791 1323 238 1232 95 578 537 1142 1185 674 447 578 1342 309 1028 654 1183 954 
1003 15 961 165 362 506 155 925 1307 978 539 1350 695 231 1219 283 2 
272 17 775 733 1012 977 446 1304 898 909 1402 471 89 1345 439 252 704 84 716 
923 24 1486 1386 315 755 1304 486 1321 267 1329 1006 1150 555 131 896 1470 164 657 523 154 338 1070 1306 998 1081 
2149 10 183 1322 423 726 1082 240 739 965 1173 28 
658 11 682 652 1167 480 606 1459 496 601 1460 46 1307 
1811 2 1073 149 
426 22 269 1142 1412 785 617 813 1380 937 1282 944 488 17 472 76 114 909 181 644 464 585 964 1078 
733 26 1114 410 363 1427 476 258 430 222 802 833 885 403 1017 308 1017 632 999 1198 1055 346 1387 235 731 542 1159 3 
1018 28 774 1152 395 996 977 977 1290 10 346 1421 1431 268 1138 1132 101 1173 39 371 331 516 770 1 700 344 1305 240 958 531 
1300 6 345 1098 790 210 599 543 
278 10 582 1138 679 646 998 56 819 413 123 486 
1565 26 864 112 180 114 29 25 419 1136 907 1461 503 436 1442 684 606 1192 388 843 682 360 27 32 131 1158 186 1379 
2528 37 788 1258 707 817 50 1121 695 1163 48 423 348 1289 41 795 1038 425 1182 630 1249 1254 1252 879 924 1199 417 1008 519 859 672 1401 1095 785 704 1431 597 13 671 
2909 13 1378 1103 830 1140 213 1213 703 320 325 736 539 1364 1233 
3099 4 420 747 1083 1101 
221 19 485 497 988 287 1179 1234 436 400 1399 1429 530 1281 938 527 1040 402 395 925 1216 
1907 6 3 101 1483 399 637 1499 
1115 2 908 380 
1931 18 1112 1131 329 793 658 1184 23 492 1059 4 802 1375 157 1219 534 1447 1182 631 
977 30 907 1267 273 499 99 531 778 1270 780 930 1028 566 1401 1049 714 825 713 962 1410 1092 230 1129 1359 933 1049 241 303 545 262 483 
1702 25 159 1330 588 2 742 971 1442 367 826 1335 225 1260 1125 1352 309 1329 203 353 1306 733 110 1324 314 599 127 
502 31 252 1432 303 188 651 422 955 662 733 321 544 710 1321 213 1319 141 1323 719 960 1084 1127 921 1369 365 1261 238 1162 1018 1402 766 1392 
1736 29 796 131 1131 911 885 733 1145 636 1196 1292 423 1375 1098 302 1475 152 260 567 838 476 719 183 497 181 831 918 459 838 903 
1191 12 425 1136 1088 265 1066 1295 1184 1167 7 172 798 450 
2878 17 633 875 1227 964 451 703 1404 204 162 825 116 245 1252 457 1407 533 84 
761 29 370 1105 1255 977 1389 1257 310 1262 157 494 293 783 1481 320 1437 1148 454 1163 179 674 1241 566 1152 276 975 797 164 344 105 
2669 10 608 326 1158 1399 78 427 1327 905 1436 234 
2652 34 840 1179 1101 9 1403 495 872 1294 1324 253 1388 1500 23 657 1335 332 123 395 1489 1024 1329 973 1000 295 737 1228 1466 427 1186 628 762 267 710 578 
2441 39 1331 526 216 1212 88 921 1279 140 1306 372 1125 1241 950 666 434 612 1063 650 1230 870 60 833 638 606 288 971 1185 30 1316 1187 102 1011 1357 92 454 893 207 680 551 
2587 21 1304 768 843 306 974 1199 482 947 679 992 151 1421 73 272 385 638 534 1163 1409 159 109 
2468 29 97 912 115 933 925 527 712 1247 444 1044 914 1118 1370 900 1003 899 1237 177 975 232 1434 341 224 656 716 1229 150 34 672 
2500 16 1125 715 1115 545 1457 721 1446 1467 767 795 861 754 1379 1132 1048 690 
1512 1 1478 
509 20 445 16 276 1027 657 1377 881 1436 789 1446 1126 147 531 1468 1399 723 313 480 1179 647 
1308 18 560 572 1242 45 1373 989 354 786 877 231 807 3 606 54 1451 206 361 175 
550 38 1464 1284 484 1344 877 788 1151 662 1141 1400 503 1120 649 174 626 1008 519 1344 1062 980 196 797 1339 729 389 1009 1472 1315 948 1179 333 78 612 590 1332 95 1492 577 
327 15 840 1324 309 799 112 30 1246 1148 596 604 863 545 1072 458 1135 
746 5 916 413 1249 541 708 
448 8 200 1034 753 408 1299 844 700 20 
1755 32 683 758 389 82 731 1362 661 1382 114 141 1180 770 253 501 443 1176 889 1387 85 1354 681 608 284 141 280 1148 934 143 799 916 1201 484 
1364 14 197 1072 1248 910 37 43 23 1335 81 621 990 558 902 975 
701 14 566 41 1446 357 382 1310 796 818 1310 929 420 632 712 525 
681 22 1063 839 1203 1003 172 326 917 835 1306 963 1182 1307 619 182 870 446 1055 25 1068 256 176 424 
674 3 150 917 1001 
1187 24 1113 1247 147 1095 90 1234 182 479 758 746 1223 1271 1348 97 331 1408 614 402 202 661 1431 670 1089 774 
2452 31 935 990 229 212 727 1429 1058 1296 1060 410 331 1218 206 529 549 1076 1020 1400 393 42 1203 979 837 490 566 1310 909 150 395 1478 180 
2865 33 1410 1280 962 981 1052 1114 313 1174 202 397 35 396 1322 854 60 124 1430 1080 27 1250 1236 333 1082 423 469 516 370 1006 486 133 786 269 303 
2417 23 611 1276 59 806 460 1250 260 69 1095 787 45 506 1071 908 958 598 93 1473 64 210 369 150 105 
3030 31 1225 1495 1051 840 640 1459 926 1365 1245 1043 366 31 567 688 403 1136 815 746 1110 1305 1158 676 736 912 220 980 1025 299 214 90 937 
2389 28 428 1131 986 1402 383 173 1282 836 740 1475 1443 287 13 395 1178 922 725 615 677 889 1212 497 1338 664 208 836 1126 1028 
2124 4 710 1070 343 480 
2093 40 870 1254 1159 547 537 1463 355 49 471 1403 370 1356 502 923 1447 244 880 332 1064 386 1092 1499 294 1272 525 1488 1468 903 137 212 61 214 764 1294 1316 577 1466 1283 604 110 
2425 36 616 1258 581 1320 1480 787 55 503 573 465 1424 62 1226 707 1037 1188 979 351 1116 1253 22 1052 1241 921 1132 583 847 1006 129 1464 1211 18 1147 963 1110 911 
2183 35 249 736 106 1105 248 657 1218 636 343 449 720 1215 305 419 122 623 114 230 207 851 1180 1326 83 1457 820 792 1416 736 257 224 170 1199 769 1032 1158 
573 40 999 1475 907 1322 323 423 722 248 916 1013 198 721 55 434 896 913 553 1489 941 682 616 1434 535 1371 1102 363 611 1025 1323 18 133 216 230 73 1180 954 866 843 528 134 
2862 30 1093 271 1498 1265 627 1478 621 976 1382 194 1296 970 714 514 1047 122 299 756 81 1497 1105 1456 72 495 928 247 906 760 486 633 
1502 21 973 1037 400 871 914 255 44 1383 258 582 645 815 1321 1467 1409 352 780 1302 1013 1164 1343 
211 10 902 1398 1345 470 1247 839 1134 865 671 1241 
756 21 985 256 1072 726 923 857 1104 443 1054 366 495 1393 561 417 67 1065 915 690 4 855 1057 
286 12 91 132 1063 1474 29 8 917 337 1049 326 646 241 
1828 36 1313 186 1473 491 987 1004 591 700 851 323 1147 329 1222 669 613 937 1166 1192 806 998 1259 1472 699 531 1030 1380 691 943 206 59 659 1021 736 518 757 1025 
1383 32 714 825 764 371 480 583 907 357 810 1086 751 1389 116 490 990 1395 1494 269 687 1385 513 604 1019 1196 1050 471 1386 1191 317 44 783 166 
1659 37 1423 1145 1215 1108 178 769 1307 759 938 751 68 1008 1248 693 156 1158 308 822 1069 868 829 382 16 409 725 1056 1414 925 674 250 1347 140 1133 914 10 1093 90 
2189 32 816 536 887 1137 1475 1454 1101 579 273 358 26 652 1320 309 1487 1062 16 1103 1371 276 1140 108 519 1112 981 1016 1279 255 517 931 915 1489 
1161 28 1431 1070 571 955 998 244 98 76 593 21 835 1326 405 1275 648 643 955 671 1149 130 1195 1011 613 735 1402 883 617 382 
2226 14 1173 1378 853 1120 537 759 482 251 222 1050 291 210 1045 1408 
269 29 68 282 692 1334 1166 1479 517 1124 631 1034 548 526 421 1354 220 1042 232 459 719 507 369 70 1132 819 677 412 1380 449 340 
647 32 802 180 1231 66 471 934 323 405 310 1236 398 1082 284 212 1151 509 78 428 1426 1199 223 318 557 476 1290 902 1107 792 1280 666 628 114 
258 29 1050 161 824 519 26 1495 1390 304 462 1431 1065 1066 237 685 1234 929 307 1291 959 1429 11 526 122 442 818 987 173 959 463 
1079 16 567 807 894 338 209 1113 139 1465 82 1066 122 708 817 41 1194 1210 
1569 7 793 449 1269 421 975 896 784 
1981 25 873 716 1094 606 741 885 919 1243 229 1318 1035 637 557 263 934 285 95 1086 186 1427 450 499 1165 636 623 
1530 30 1497 544 521 1141 103 359 921 1191 108 194 716 577 289 1180 1447 1441 1274 1274 642 799 75 1072 256 1153 1224 125 1069 1293 816 918 
1630 2 949 1117 
1788 37 407 849 349 617 818 398 735 53 444 1149 726 1137 1012 150 192 741 52 223 729 689 177 1457 676 139 1429 1042 940 325 939 557 659 1346 798 561 68 665 1284 
501 15 1396 989 790 75 130 68 1263 524 310 1340 870 1201 398 290 52 
250 28 367 402 1322 372 988 654 1284 2 665 1452 1368 589 502 106 64 233 730 800 866 1349 839 83 123 480 1127 372 357 884 
1919 39 771 1491 1158 180 1098 306 134 821 251 1047 762 214 94 271 220 1298 425 1468 1113 75 66 156 1435 1232 684 426 1201 520 209 608 1201 297 451 73 394 1022 748 183 1099 
1421 24 45 911 43 389 787 331 618 775 354 1145 551 167 1070 186 382 1472 173 682 147 1488 29 854 764 1248 
2428 39 1081 971 1024 1281 1309 541 210 799 370 379 944 245 861 221 150 397 1327 1114 575 366 399 231 1055 58 785 987 463 648 1322 126 1327 229 281 1296 1240 602 786 1280 1000 
2276 4 716 638 1323 140 
2682 8 847 848 1447 1315 737 961 1040 1222 
944 6 1253 727 897 448 1188 1143 
2807 38 1471 1475 1161 144 925 1451 1131 930 1113 33 1106 1455 19 609 1462 954 1193 1363 506 870 1156 1062 964 813 91 28 171 702 214 238 589 299 71 230 1006 860 937 641 
1443 30 2 1418 116 926 359 620 382 61 1173 219 597 580 706 1113 1093 20 364 270 948 1228 821 579 658 146 392 1003 1168 66 1148 1500 
2663 20 642 776 595 1061 343 469 1275 1249 462 77 1114 364 31 121 1317 1369 193 750 962 862 
704 30 1036 1349 59 189 1397 246 565 427 139 490 282 1287 498 1183 1084 1208 1445 138 661 63 413 649 1306 1482 1249 145 222 1495 124 1255 
828 32 408 1049 1416 105 388 467 836 439 17 190 193 523 1228 542 1138 934 724 351 1161 1192 66 1449 116 562 136 1368 618 1425 61 412 1070 1492 
887 17 1134 1037 517 991 19 94 1210 1434 708 21 139 1432 896 322 80 481 879 
2312 37 1198 453 847 557 989 841 425 655 993 108 1058 1062 999 838 892 448 1088 771 767 62 1344 1110 209 798 1110 962 93 1277 320 219 532 890 1381 984 329 122 306 
2171 2 1429 278 
1365 11 677 941 747 1311 222 759 1467 1103 285 548 548 
2112 25 111 778 1009 1447 504 144 1220 1213 638 481 846 342 1009 51 1164 1427 1131 804 238 681 961 1070 1092 665 52 
2180 32 156 644 122 1219 552 397 1494 416 1054 564 1375 38 194 1461 126 248 524 331 78 811 373 803 1195 1003 1417 609 39 465 750 903 497 1225 
2880 3 223 574 595 
841 18 666 1127 1342 923 1448 949 730 272 230 1346 508 403 1004 1439 400 515 238 1367 
2808 37 1086 933 1367 240 366 869 1108 304 1255 818 1116 1291 458 1292 376 289 1069 1275 676 1382 1265 1279 475 1341 1266 49 1180 283 184 1074 323 496 37 1423 585 778 884 
1292 20 268 96 1369 265 1108 1304 1279 211 264 681 218 1152 1126 636 395 710 1226 1282 1075 1452 
1187 40 1414 977 802 332 570 622 182 718 123 207 116 899 308 1129 762 724 110 895 701 1297 508 1362 744 1439 134 1387 919 198 1302 483 265 1243 595 705 1188 179 748 123 665 852 
1964 40 1335 124 984 466 641 319 947 212 404 52 587 666 1457 814 1232 1455 803 1021 32 1055 1487 592 962 309 509 712 739 91 614 351 222 957 438 158 619 1418 1236 1267 477 1181 
1603 34 385 1240 553 1482 1294 598 1018 1020 1286 906 334 15 349 294 138 461 581 181 826 1322 1329 788 1193 549 227 251 716 759 559 59 1389 576 509 915 
1398 10 450 1200 1230 1093 1229 593 793 1276 265 167 
1077 26 1221 900 700 149 1156 1063 195 77 462 1347 1388 60 279 875 1241 1329 50 1144 1299 955 1005 721 1428 331 1311 1292 
2091 16 14 174 683 805 126 841 81 296 966 303 260 915 234 1175 701 252 
759 14 957 1421 1318 1464 567 687 524 1284 791 754 898 67 968 1018 
832 17 237 400 1446 20 185 308 1195 307 265 662 165 626 11 958 754 767 768 
263 32 296 1056 568 705 554 89 43 836 834 629 246 424 385 1077 1014 776 1037 1403 736 771 1070 806 882 61 178 81 347 1445 849 656 1067 200 
1286 21 538 1046 395 82 1108 1155 628 1326 1309 889 1294 467 816 1196 1112 1464 445 794 1359 842 763 
1308 37 47 898 485 35 361 529 1206 1032 316 115 909 1211 823 1488 134 106 284 1458 794 48 158 1241 234 1316 1075 646 624 447 250 226 844 780 1454 171 458 838 1452 
514 22 114 1429 937 224 1142 620 1180 1233 776 599 757 873 107 1195 313 134 1146 1281 59 757 306 270 
2682 40 115 290 734 244 970 181 1016 1332 1070 1185 1344 285 1259 304 346 164 1302 1078 583 457 1166 913 1288 356 378 569 216 521 180 629 340 604 154 842 4 1359 843 163 248 1104 
2755 32 290 418 711 1500 341 1283 164 633 855 941 194 1137 1351 809 1248 764 962 1309 49 1043 703 780 901 915 172 116 445 966 795 1055 1016 121 
1376 18 310 855 950 966 265 817 1305 359 1359 215 845 1383 272 437 220 111 628 57 
2134 32 87 612 10 1461 1195 988 198 147 1109 837 348 873 444 1006 848 769 59 858 1477 770 1369 286 1310 1151 1157 693 1154 484 139 239 1129 1348 
1592 22 299 871 286 1379 1228 1365 553 499 628 807 397 417 943 732 920 891 960 1334 900 1283 1215 670 
1296 24 1313 1121 536 108 703 320 519 481 702 1191 378 279 1049 1338 350 592 1016 144 296 1003 803 1343 577 1389 
985 39 1363 357 919 942 266 929 252 240 12 817 1443 873 221 436 587 1328 135 657 1254 1408 53 276 224 904 435 276 1425 770 377 1303 697 1097 175 988 1283 189 933 961 571 
1798 2 1434 389 
2532 11 1084 975 1325 225 968 1166 941 406 1118 1276 475 
1707 38 500 970 1254 1422 919 44 220 878 557 1345 1081 983 1219 1381 720 1121 848 1413 832 1300 857 524 783 461 965 211 469 58 1009 1309 152 910 844 773 1062 210 1083 713 
1753 13 387 296 948 408 383 341 52 301 984 906 1149 404 1109 
1927 19 908 1332 1212 957 713 1034 1458 1334 575 1274 32 474 38 69 690 869 1261 1416 409 
2291 31 1135 1361 431 880 961 1218 1422 1286 580 276 1407 1068 802 151 903 571 1043 807 1464 838 1229 780 550 150 1302 664 761 79 181 1231 291 
340 16 160 33 363 532 107 307 1044 1 474 460 262 1179 1184 763 795 541 
937 16 530 881 532 1470 467 981 156 1157 570 413 796 107 1478 769 986 1466 
3036 23 847 1008 918 844 1357 261 333 856 718 809 690 1039 1065 404 537 795 251 802 1013 654 516 1462 824 
567 3 892 201 246 
2286 34 655 193 592 884 289 697 693 1164 1382 223 343 1469 1164 165 170 10 235 1230 83 429 755 878 429 1012 1218 239 556 216 1291 199 711 492 1020 1267 
2112 9 1409 1121 618 1023 33 1335 826 790 104 
1923 7 618 1293 1106 959 892 1070 1324 
1315 15 390 936 91 301 1071 225 302 1089 329 1243 498 169 1205 1059 1296 
1298 29 633 723 1138 466 1195 1466 486 403 540 686 583 902 904 956 246 1000 1273 1084 993 470 427 72 61 1437 548 78 629 281 1232 
1126 4 326 1295 1235 299 
2518 14 613 104 1048 1075 862 14 209 1111 364 1123 500 354 111 1486 
2922 14 733 1268 1189 575 843 1333 1079 903 1444 1014 337 888 544 146 
1602 26 283 702 933 951 1458 317 1486 16 722 1324 596 1246 1465 329 375 264 794 1342 685 1143 1256 1008 481 648 473 821 
1821 12 1319 171 629 1118 588 778 857 300 2 11 1203 467 
2240 18 1023 1409 884 725 10 667 361 1346 1352 500 1033 1431 1243 1087 1447 476 456 156 
2739 1 1422 
2693 31 265 573 219 1398 666 205 857 1369 1289 803 767 325 964 519 479 911 886 106 54 106 35 798 689 191 288 344 143 340 894 1341 1167 
1289 14 1429 695 1070 308 475 424 914 400 449 905 229 1220 566 826 
316 20 889 910 356 870 949 1429 467 1301 909 953 1197 676 23 119 604 863 956 949 1123 14 
2005 19 1188 1337 1264 334 1482 1022 528 918 881 897 1162 1099 877 72 1177 595 33 563 968 
930 21 304 1243 1281 741 1358 1050 591 643 1247 1029 167 631 130 612 262 922 518 1349 703 645 1488 
2283 10 1214 1435 834 1288 315 590 129 1412 782 638 
2053 38 142 836 1060 663 1131 93 1285 310 551 816 811 558 99 244 1416 279 1044 1391 697 1281 1127 602 411 187 1003 1169 987 564 1114 621 480 1136 1373 713 430 169 608 522 
1120 11 1088 1131 3 1017 783 319 26 720 1177 656 5 
1809 1 68 
2212 20 1420 1326 699 1048 1347 1319 784 814 871 141 787 235 540 91 191 290 983 119 356 899 
2056 21 1079 945 1282 72 169 149 606 1218 1443 435 186 1283 676 819 1039 1414 7 1096 136 1311 856 
1090 37 1476 456 1396 1038 1023 1259 1125 52 940 1418 1419 426 931 541 36 1236 56 1154 1365 1324 841 587 761 1229 1479 1160 1139 1001 117 617 421 1349 473 586 468 890 1360 
1027 6 718 325 759 1381 1473 993 
2291 25 1373 1169 66 1161 1352 195 891 187 173 170 664 838 664 453 37 239 938 534 257 1366 276 79 334 1086 586 
375 7 687 1155 1290 291 720 591 303 
1809 32 457 619 1341 68 611 1031 114 1169 1391 720 912 823 1175 658 284 1067 530 202 205 337 200 780 86 1202 1268 821 725 535 409 52 722 337 
1686 15 176 840 195 725 1211 1421 1276 286 527 745 1035 1038 428 1090 786 
516 39 124 1124 1179 1275 100 476 591 1175 72 831 865 147 1256 863 761 929 99 1061 1270 563 1157 249 522 1458 467 516 414 1017 1499 1311 722 253 1006 66 163 71 139 1239 840 
211 34 1041 346 705 317 395 1166 424 1138 597 800 1453 557 1104 306 268 1187 525 682 857 903 400 1043 774 240 754 1313 729 315 1153 580 729 1218 1474 183 
550 17 1468 1481 204 140 567 1072 806 774 1435 748 1350 224 1490 90 363 721 719 
1216 4 1008 96 1329 110 
1606 3 255 314 1039 
347 16 422 1039 394 425 874 254 755 1461 1417 807 433 697 315 131 483 41 
952 13 299 844 499 888 1217 762 714 371 67 116 1106 469 194 
607 17 664 1086 1149 829 1322 1162 233 990 968 158 1469 604 851 96 489 288 1376 
3031 40 192 956 1455 1018 1448 1339 883 116 1174 1032 1361 1008 969 358 286 615 186 814 1198 1466 907 1381 698 1188 108 524 833 1076 303 76 1314 325 1227 375 1368 423 628 924 213 712 
172 17 1243 48 782 483 376 1481 888 162 1296 398 918 1179 509 909 1085 450 1450 
3094 11 688 705 666 523 309 690 354 712 181 547 93 
2519 31 89 684 1255 979 726 1143 368 724 1069 615 183 341 1147 461 472 1162 1384 93 711 689 697 1373 1329 350 178 379 793 1014 1239 1458 818 
1838 11 824 1392 792 1382 1307 1118 790 576 93 503 392 
331 1 39 
1146 25 340 1076 1301 1446 828 76 715 233 114 414 68 1175 1238 896 191 1030 727 1339 988 182 1072 81 1344 1360 662 
417 19 1484 1014 1310 493 558 554 233 91 1476 456 1025 618 1006 1063 1180 1066 374 1100 74 
3060 40 1274 1109 370 1068 613 297 760 915 500 11 242 420 619 600 513 1020 944 1251 671 1143 1148 227 134 1364 617 182 1312 919 1485 1063 177 1395 965 129 91 1275 39 63 112 1216 
1276 11 1345 958 495 214 82 933 1302 142 466 1136 498 
1554 40 1089 1289 842 118 496 1265 795 1393 853 420 1265 1346 443 998 663 167 650 611 393 981 547 685 15 1104 583 308 1325 1443 973 172 41 446 748 907 1028 413 120 620 1263 863 
1611 19 453 875 740 106 709 122 1395 111 514 661 1236 702 1356 1376 932 262 93 883 508 
602 12 99 785 223 1482 96 1139 929 983 731 58 1201 1110 
2598 22 946 531 1064 1002 104 645 1245 439 794 149 925 162 1083 145 376 1423 595 428 880 1164 840 849 
2051 25 1078 1227 1335 1129 1332 988 1080 1429 911 792 313 1275 836 639 406 870 1481 1061 171 132 776 1358 524 540 56 
1114 36 565 948 651 272 1146 453 1289 1213 344 1138 1282 761 889 558 870 81 1002 741 220 823 839 1019 1017 499 954 501 943 1042 669 498 454 779 312 157 1120 928 
2625 39 1028 560 807 72 292 759 1346 481 937 777 1383 1072 1287 256 260 1399 500 683 188 770 825 423 564 464 236 713 1017 896 1324 1068 50 1348 518 769 766 1438 1496 108 1432 
379 27 1236 371 701 648 314 1340 850 1251 698 342 983 32 1470 468 1307 1031 407 972 1481 1006 189 1224 824 395 391 757 1427 
1874 11 344 757 1189 223 864 620 1448 575 1423 1336 497 
540 28 355 1267 1031 29 1079 607 552 650 616 1050 1294 961 1206 820 674 728 1352 888 240 376 1250 1070 928 443 477 811 1238 1416 
924 23 1010 326 1028 875 35 958 1104 1453 841 41 1320 481 1199 398 831 441 1294 1075 146 765 808 1157 1265 
1002 33 708 1235 465 1272 1293 557 492 660 252 456 839 149 801 674 617 1356 1318 538 267 569 877 271 197 356 1482 823 442 634 1148 1148 1483 406 1404 
1346 36 963 893 204 121 576 22 520 820 193 665 1084 902 611 1334 799 211 343 736 370 89 623 241 323 668 238 407 1180 124 470 293 985 559 174 388 1209 42 
1503 20 1415 581 1459 1295 1367 369 46 727 749 562 237 945 172 105 1324 700 1404 1027 1221 1060 
2707 6 568 321 41 460 546 515 
2620 18 150 1199 727 563 1356 1229 1291 405 795 15 1156 1439 816 42 493 219 577 84 
2808 26 494 830 258 974 303 1415 359 839 761 376 824 318 86 857 926 613 1031 608 896 1351 1156 501 410 871 1419 1162 
1483 14 236 903 501 626 781 772 1348 1204 932 1414 2 1394 817 1140 
2869 33 606 435 1301 452 980 1172 1190 642 388 132 517 793 734 504 634 792 1277 815 897 342 815 776 675 731 181 680 424 530 58 39 282 412 1036 
217 36 708 12 957 684 667 1376 1110 1338 1282 1190 138 1035 894 1138 226 1169 1375 174 597 699 28 666 484 1159 1494 67 1210 1022 1494 1432 769 975 1184 210 636 360 
2509 15 82 121 786 1330 1195 347 151 189 1262 136 581 1253 1019 456 18 
2028 18 399 471 44 1047 116 1496 1204 467 1254 289 471 407 200 1306 741 1180 966 964 
537 27 1101 1232 690 493 1044 1491 717 1194 413 222 1248 250 422 792 1429 84 233 1178 266 46 668 106 769 1376 461 388 599 
779 21 1044 1182 1070 799 1256 1131 1173 255 473 816 374 44 611 1254 836 891 1155 279 915 973 359 
2252 1 106 
959 38 941 1099 139 207 146 1109 236 739 580 443 440 166 305 1218 108 1305 1375 823 1254 580 780 821 936 657 238 475 348 866 499 380 914 802 68 1073 104 592 322 1207 
948 40 1165 42 951 1106 1109 269 312 1057 1113 695 1403 1248 1398 1117 420 207 1080 617 244 1064 314 1082 809 707 856 1117 618 275 668 699 570 214 654 572 554 728 217 828 1212 1182 
168 4 173 944 758 767 
2862 5 1032 1241 867 1335 781 
1827 25 763 201 161 506 1174 1324 553 293 1043 205 512 465 699 1281 7 273 178 89 1353 1401 1084 376 647 260 656 
2155 36 1403 1232 1276 721 945 469 634 642 1115 400 683 53 1018 437 275 580 727 651 1133 1197 1402 281 818 1244 714 475 21 520 884 867 907 1334 1486 697 123 1015 
2297 26 1449 1000 1354 1225 583 138 154 1096 725 262 1141 608 53 447 416 305 37 275 765 621 835 1468 246 1071 1245 474 
2911 33 826 984 119 177 1341 178 1387 618 81 1102 517 798 941 479 1262 1095 1305 1461 967 612 1052 1339 1193 186 251 1493 867 739 490 478 834 1325 642 
1456 37 434 1302 1322 1365 1474 414 1087 62 601 181 459 1439 723 869 723 1150 1142 809 1368 467 299 882 1416 639 779 198 368 1260 51 505 713 407 281 924 114 501 849 
2667 34 654 1373 1031 630 275 337 1406 177 1469 841 1314 1029 1311 979 1054 713 1129 751 989 245 893 1206 1336 1022 1478 475 1167 939 298 1032 713 1407 1028 1024 
2244 35 1435 475 826 314 802 1239 409 692 436 442 1045 1444 777 724 815 373 454 678 4 602 661 83 1252 953 981 666 1000 1129 365 280 542 8 838 803 954 
2114 18 212 533 531 882 1101 1346 1324 432 577 497 592 294 748 1091 1394 561 1450 1301 
1379 33 627 1028 1185 948 712 37 55 393 217 135 548 816 1106 1457 655 1179 1027 700 422 118 467 149 906 1450 855 863 1458 422 266 503 315 163 452 
1946 16 1470 365 852 473 1068 771 855 1033 1486 387 519 1444 644 1220 729 1390 
3061 32 1488 1126 785 1403 870 974 163 465 1379 655 535 640 1024 968 1299 898 198 174 354 183 624 442 448 562 922 782 88 1108 840 1036 537 718 
430 29 920 993 1042 510 845 363 1011 205 1036 1047 503 773 1174 1247 459 537 1268 133 397 634 83 148 434 752 645 1084 889 20 1019 
552 4 767 767 348 826 
2280 39 282 389 30 315 529 248 841 1476 1429 547 448 581 959 541 1323 911 1044 1423 480 671 663 144 889 1490 1039 1181 492 957 924 581 64 434 592 259 1009 471 1103 903 1430 
127 34 510 561 590 1431 946 1107 1359 1158 589 56 583 94 393 1277 981 194 1212 392 950 301 421 515 697 1241 1239 717 701 676 1364 82 991 536 1424 197 
2750 12 447 939 763 1442 965 309 553 16 1336 702 354 642 
662 38 1464 1060 905 814 345 487 1276 1 188 657 1439 259 1236 983 1002 1020 1071 1327 1328 891 65 1161 145 1071 1312 765 693 1037 1150 989 745 187 1236 405 1309 361 1174 1368 
1284 10 873 76 920 278 972 1070 750 589 754 695 
420 14 414 426 1130 1177 1044 1105 329 42 1084 585 1066 275 265 1002 
1456 11 119 731 1312 1032 291 664 1316 574 618 569 545 
873 1 864 
3009 33 301 89 680 665 1263 1229 358 596 1209 1125 1166 226 605 1413 1221 218 1025 1005 136 655 1395 1074 1349 705 931 1028 596 1177 40 474 491 181 1424 
682 24 1341 235 1024 1113 665 1288 314 553 476 1068 1161 825 1392 1143 393 1201 107 769 1392 656 1077 111 112 173 
2702 10 166 480 928 1319 187 320 1018 20 770 607 
2966 2 971 799 
331 35 1430 773 1006 598 143 1115 915 180 1397 1162 1219 497 492 150 128 932 1203 937 150 967 1153 198 1244 1167 212 1334 639 422 656 576 940 894 101 154 987 
2020 19 854 381 225 1029 1433 1047 1070 1420 1497 64 1097 46 1175 373 988 118 413 34 283 
2120 40 609 1473 545 388 278 1268 981 234 1457 821 1194 1494 1271 1023 1425 1291 1329 681 693 1484 1494 274 581 720 8 373 457 1456 410 1465 29 251 452 131 1055 1303 699 217 539 998 
1181 37 15 407 1089 1415 1112 1234 452 1395 418 14 204 499 394 1050 1318 291 162 117 1394 137 1497 477 1234 127 217 1257 86 175 937 683 1223 310 347 1066 381 336 618 
1615 38 1112 1247 786 1480 563 229 1087 152 49 966 551 1247 1174 1148 241 1405 102 840 250 633 328 1 1203 288 1016 1228 1273 890 1443 1095 68 73 1175 876 1370 847 1086 756 
1340 14 96 716 1478 465 781 98 119 270 67 1274 1383 1230 424 787 
2255 13 1262 244 201 595 184 624 1038 446 32 850 129 101 374 
2444 38 527 55 768 1486 48 1149 427 98 985 711 953 354 1042 432 973 1156 1262 493 327 819 749 762 1480 22 109 844 1488 1295 505 860 791 1268 669 1155 790 191 232 299 
439 4 862 1325 1085 1393 
532 19 1169 1001 890 1024 647 193 340 210 904 1368 317 1107 155 432 1061 935 1283 502 34 
2399 19 1345 488 1435 41 1164 1296 1414 956 862 39 319 1214 202 1346 80 1226 225 824 511 
1590 16 876 492 26 936 1271 1276 508 535 803 69 318 264 1025 124 356 1342 
2672 18 1400 1227 1000 57 1341 719 674 292 396 1414 928 746 569 670 12 1080 1089 535 
2743 22 278 1357 348 379 416 1132 823 1154 79 735 291 1320 60 1479 923 927 209 1496 1002 933 1263 91 
1949 38 126 98 38 554 144 58 156 335 602 1331 357 589 43 161 1330 1106 929 177 11 76 625 477 922 1321 906 425 346 915 749 654 556 168 347 1260 422 1311 36 1127 
2653 11 147 877 138 932 589 467 229 816 518 1185 72 
2519 34 1451 75 1351 1484 114 805 1325 85 1366 983 99 1343 1048 679 1351 420 503 520 188 1313 59 1350 583 362 427 1478 179 191 991 472 285 743 1156 502 
1786 8 387 137 356 316 1287 303 77 387 
2902 19 1081 1228 11 808 371 892 425 1078 555 1409 819 999 580 415 276 93 1286 965 948 
2624 12 257 248 180 1375 1029 613 459 263 677 1311 232 317 
2072 25 1107 1138 337 739 722 1036 1090 221 1221 1195 890 1202 869 441 158 319 967 252 660 185 1199 927 356 104 1365 
1714 39 578 1195 16 246 643 1109 1337 331 214 570 121 1309 75 1040 954 1477 383 1190 1410 1305 21 155 675 1092 670 737 391 741 1084 667 1041 817 90 976 542 379 1075 1010 1072 
2281 8 262 1314 87 1123 892 1084 695 645 
2827 2 391 210 
2253 31 1209 1356 532 92 977 477 786 1312 473 249 459 631 1321 1059 241 1006 431 802 1325 493 914 1204 1144 1063 796 534 849 401 254 570 996 
2940 19 609 402 1261 827 1307 610 921 529 741 1380 1193 795 846 240 291 277 1421 140 671 
2232 37 705 932 621 772 1464 478 541 422 1253 1156 1175 246 788 967 904 931 1263 1116 129 1132 898 1051 1069 1483 409 604 1313 439 1207 811 393 824 719 950 545 105 140 
580 28 112 1196 45 1012 336 1018 990 1166 35 908 240 771 505 490 627 760 192 657 1181 629 114 878 1474 1392 472 530 438 68 
3019 6 308 628 661 871 875 1314 
224 16 1249 1047 1372 643 321 1457 124 288 1021 723 1220 127 1477 443 1184 1429 
1234 29 173 790 1471 351 1357 1050 993 980 82 20 728 1378 811 278 501 595 63 334 484 78 1237 8 1010 930 1415 1237 9 1166 107 
2282 20 1145 927 583 686 517 4 983 1248 556 57 1196 1284 1231 573 259 249 364 558 586 1341 
554 32 1485 1206 361 957 1369 584 139 1286 1122 1409 547 602 532 1170 1118 433 147 1158 261 764 883 1212 1061 575 488 1066 28 375 1006 27 103 409 
2312 4 345 126 377 1231 
1996 12 76 1204 519 166 962 1376 1134 628 208 1482 810 50 
667 8 1448 124 857 1199 1499 128 440 471 
2333 8 766 81 985 1266 1383 769 404 1303 
1597 6 513 1383 969 440 974 1093 
2518 5 1463 1290 513 1403 473 
2649 18 1305 35 535 198 356 184 1377 1073 1292 698 590 283 79 517 1262 728 18 1062 
1716 5 825 1205 476 920 1043 
2892 18 444 890 1339 1128 183 180 174 107 366 1391 22 844 1218 42 942 1336 639 261 
2154 9 189 1361 1473 1101 1278 20 591 1213 1203 
1366 35 1481 594 392 947 82 523 527 31 1260 262 308 707 1381 369 215 1491 149 1086 1242 34 1348 1194 982 402 1093 219 1500 825 885 148 1346 757 647 431 698 
491 4 1004 655 535 402 
1541 30 431 213 849 602 197 238 423 403 594 87 1408 1043 14 990 749 302 62 1322 218 1275 1059 468 391 620 930 826 348 351 353 613 
3067 37 1243 778 300 1368 1418 1105 259 1219 108 351 381 348 320 753 912 1485 315 538 1266 691 838 552 949 225 745 377 436 1472 37 1269 135 134 1190 1430 784 120 1364 
1991 30 1155 1339 430 17 110 108 673 524 1330 1326 795 532 602 1457 1303 782 373 718 91 1463 317 647 578 1206 1449 212 271 1182 338 1019 
900 40 198 515 905 1342 717 979 909 601 713 1269 771 840 727 289 457 106 1449 156 1237 1015 559 1324 1348 986 933 1178 123 761 644 1177 638 1164 861 25 1304 1499 1160 76 1151 1394 
2328 36 392 1134 1354 53 1386 569 593 27 568 294 313 1251 719 211 1463 651 1252 679 796 948 502 115 679 684 568 1483 1340 123 722 1465 266 1241 268 745 1485 513 
1321 11 4 1228 1282 1357 1032 1389 663 692 939 1123 108 
273 6 1215 396 1342 981 236 1423 
1046 32 657 1009 1036 505 486 990 1127 1489 441 1002 864 603 886 797 416 112 312 253 139 1052 747 158 375 1095 479 1354 135 1351 622 243 627 85 
552 22 372 1114 94 365 546 1148 494 1056 511 638 1485 1011 999 588 107 623 566 482 138 1050 262 1499 
2346 27 22 1128 941 882 610 454 403 1252 472 1053 646 1383 195 1382 799 317 465 1344 242 238 790 869 1167 242 458 202 304 
1479 23 637 1071 819 1001 213 1257 1414 910 704 1443 911 74 304 113 1247 849 1251 368 1050 1322 249 300 808 
1423 26 702 215 71 708 449 995 650 505 83 390 106 1261 759 1394 1353 1471 54 231 380 1378 431 1413 442 490 454 1349 
585 30 927 199 490 856 231 1173 1093 751 974 890 710 777 728 1312 75 453 866 22 656 1298 27 528 1367 73 928 1017 1220 207 156 680 
2196 31 160 1406 1064 650 50 615 752 912 1170 1342 1076 762 225 618 914 1225 390 286 1387 1138 699 450 515 1409 165 1143 1088 919 118 1034 994 
1722 22 837 210 1229 1303 1107 11 954 1062 544 828 451 1375 1330 599 72 840 85 502 1118 1217 14 772 
567 25 92 534 1282 1261 1038 1290 1443 205 420 908 469 911 812 571 274 1297 1404 1166 166 1021 1377 612 978 418 537 
176 15 541 30 1322 619 57 414 1470 627 1084 1154 333 158 889 227 525 
2092 18 994 368 684 255 814 1374 211 551 751 1435 988 491 1009 271 1264 907 1411 120 
2556 15 1074 1356 927 1399 1369 243 173 1423 1350 1087 1226 626 480 842 1323 
1539 7 659 1227 701 241 22 134 848 
845 1 1386 
2499 30 823 667 197 1253 807 1257 1062 843 72 416 178 1061 164 1303 1365 1432 1401 623 89 557 1047 30 1448 1305 1327 971 1211 1046 367 989 
978 29 1127 1124 775 1381 1060 906 474 1496 411 606 1455 80 1485 733 454 109 1492 5 1061 949 448 807 615 665 543 384 995 1354 225 
1035 36 258 1428 562 1259 1303 1435 997 882 152 1322 451 1284 380 165 431 338 371 264 181 484 244 395 459 570 1139 865 208 1276 866 847 927 1296 1271 894 669 975 
2447 16 1136 1275 663 135 1488 1056 343 138 954 271 875 370 118 307 1145 272 
1284 6 685 1495 1340 1095 727 528 
2475 18 1298 928 694 1371 59 843 224 219 982 1383 973 1156 874 990 533 1055 143 695 
1176 25 1499 1350 434 1341 18 1331 1200 115 1259 381 796 1402 474 904 909 821 695 1383 147 133 427 870 1453 1098 1022 
261 37 302 264 634 1306 138 1444 1254 489 418 758 1046 1463 232 807 406 1382 720 1107 232 1341 1435 930 97 1393 1170 383 1367 269 89 1085 1482 114 1435 194 314 648 790 
1894 21 1311 1070 1052 316 1365 735 360 991 1463 1361 301 1257 43 1445 1455 673 625 1336 1066 1187 749 
1400 1 1094 
646 22 954 366 899 1166 816 369 1232 1155 1454 17 364 375 425 608 782 1100 223 130 126 1313 410 1419 
479 18 257 75 780 567 472 1066 97 543 1126 891 148 426 1486 694 991 644 1007 1297 
3072 24 457 1116 681 1222 1411 437 423 629 1115 227 1101 520 1138 813 1006 341 672 49 963 391 432 761 43 888 
2602 14 273 1286 695 1307 1235 143 826 729 984 1322 464 32 557 1444 
2241 4 1141 1303 887 1385 
1927 10 344 84 486 333 886 1316 951 70 1046 1331 
928 40 1262 1168 443 879 1419 1277 817 344 1119 508 713 1239 1243 72 224 706 119 1317 1206 939 296 1295 1181 549 106 131 1033 1415 1208 711 1392 542 321 1236 920 236 1072 249 549 740 
1201 21 1063 420 886 1261 17 989 941 1331 87 422 856 730 937 567 307 824 508 1028 831 572 1261 
2043 6 639 544 71 569 1181 1355 
1874 2 1223 34 
2656 3 352 561 992 
1966 25 1480 734 1300 1485 50 424 1 941 49 475 1208 267 1449 39 1250 973 415 1238 910 32 1152 792 487 594 883 
281 38 1337 267 64 704 793 648 1312 84 579 1223 1468 335 1303 192 218 1079 231 1339 598 1273 1105 695 952 543 1348 163 1412 1382 1413 1317 986 524 1095 992 1169 92 1440 344 
2082 24 618 1033 357 255 234 656 181 668 486 1224 1473 1056 1337 1297 154 1132 1059 1354 833 1357 989 641 821 67 
1959 23 741 807 69 647 1235 720 92 1231 1065 72 257 1489 678 648 974 1036 1025 673 275 164 414 1093 218 
1092 33 1410 830 1146 771 964 714 1317 102 153 854 1162 1288 564 1346 210 107 894 706 997 1259 405 1224 346 1229 194 496 525 799 1254 1193 1329 568 331 
2351 1 1045 
275 18 1097 1311 1070 273 445 255 1304 1343 501 44 697 1075 5 596 9 1384 1135 533 
224 3 871 1233 1391 
1642 26 1036 246 39 954 1314 645 736 1220 813 26 739 1415 675 1209 669 1277 1282 789 669 368 1091 546 722 58 1002 968 
2833 12 641 569 1414 1139 1083 145 1478 728 1178 569 439 10 
853 5 436 1213 284 29 758 
752 11 1311 1260 227 1274 1018 625 1376 11 894 887 584 
2937 26 532 773 432 50 291 91 398 787 1073 966 668 803 1052 770 1247 965 1471 1350 875 1233 856 717 405 408 335 1256 
275 7 1255 548 1300 324 1318 1191 352 
983 20 457 160 158 1320 193 363 793 974 1007 1155 1202 1448 996 265 1128 1432 760 1366 1148 514 
2642 38 90 398 1456 736 233 472 1342 654 1135 186 1259 887 1456 485 470 958 693 364 171 528 334 521 1126 261 865 274 72 43 1153 607 685 1483 1061 344 1147 477 847 385 
1180 14 319 229 192 852 1204 1492 986 849 936 1384 767 1315 247 1338 
3016 31 1214 364 1358 443 521 1482 341 686 479 857 1022 355 700 267 137 945 1392 172 6 797 1106 617 800 780 555 1399 787 891 1200 470 952 
2531 29 923 846 271 831 126 740 736 140 704 736 1291 850 980 1450 1349 1070 1220 209 925 1350 291 113 40 876 813 50 1060 1241 770 
1787 35 1016 174 1091 158 1111 613 1089 1347 208 1354 1202 204 264 1241 795 201 669 118 1334 797 1304 1032 1069 1423 1365 997 1365 323 1293 50 256 1264 1137 79 602 
531 5 1401 933 202 376 851 
990 34 662 850 857 870 337 808 669 472 88 974 1183 612 1013 1061 1063 339 1338 438 429 596 1135 100 1214 81 506 71 491 1137 1238 635 1264 978 1212 1263 
362 38 90 238 1025 402 502 374 611 256 1216 847 1001 964 999 182 887 1481 441 207 20 1022 256 1055 1124 1229 955 222 73 14 30 1324 746 496 509 362 1042 967 1063 339 
518 13 129 472 594 714 1384 917 1449 190 785 66 100 598 212 
2004 20 365 1483 327 361 1417 1448 1192 213 416 1004 634 1314 976 501 403 1308 298 1314 788 1211 
2401 9 633 76 1228 994 1117 361 1385 714 560 
693 34 1183 1136 661 244 1014 148 1177 47 1320 1480 1491 200 533 376 161 96 126 615 1083 867 34 1168 135 953 1264 1038 968 1048 819 81 1386 1186 941 1139 
2127 17 492 396 594 1016 1302 1290 517 71 788 1032 1227 186 789 544 627 478 328 
350 35 728 1087 1007 572 518 29 344 701 207 15 260 79 983 826 1188 1059 495 892 1264 789 914 644 421 901 780 1055 869 355 629 1365 497 759 1034 55 406 
1020 31 1298 1381 403 909 1223 197 917 386 981 432 540 201 1064 804 66 552 163 787 749 402 1080 420 998 746 1298 1340 1296 1357 860 1421 1449 
2131 16 844 727 738 1255 149 707 1431 831 1155 450 1429 693 45 829 665 655 
1291 20 389 317 498 1081 181 1032 1098 209 768 990 1441 1450 276 41 5 1086 420 594 515 564 
1684 17 1238 805 1251 1182 1126 582 434 78 1083 941 620 1316 1406 1419 1212 881 1248 
2970 28 570 89 672 423 232 1219 532 490 1092 468 1237 208 1240 913 1029 1052 341 460 852 930 1443 527 888 1252 1194 1418 1085 1317 
1478 22 1026 1071 518 263 1156 510 985 767 524 1297 432 1184 1390 857 1362 336 1220 294 237 391 728 385 
1969 5 451 55 1436 808 174 
999 12 780 593 1356 123 1325 1001 1268 331 1209 894 696 1364 
2138 34 1015 1113 1211 1121 220 1074 303 1017 763 767 645 199 1079 856 125 1307 755 1062 1142 97 1011 970 376 1297 357 1252 1333 651 159 735 949 1394 1094 412 
996 14 379 388 547 88 153 1221 518 579 1380 567 1117 628 912 1123 
150 13 593 1277 788 1153 97 943 439 175 1434 1493 29 1033 1203 
529 4 1367 369 1011 481 
432 34 770 882 173 1164 1318 36 1304 59 1389 816 194 237 62 669 707 1237 1084 286 289 82 1150 168 996 341 1289 1246 198 633 679 195 899 639 1202 1099 
1572 5 1420 1370 27 274 935 
428 3 927 940 827 
2486 28 1499 1415 654 706 551 1490 103 1240 556 424 1364 856 1388 286 690 1355 483 458 380 951 1248 646 515 1139 553 602 973 352 
457 17 877 1455 1069 1290 1373 223 406 355 965 1256 515 518 843 1336 39 817 439 
1689 10 831 1434 320 584 825 5 1357 555 1499 1016 
950 6 1368 884 1437 280 1227 691 
191 24 1359 1218 1478 666 1183 251 1383 326 626 866 1144 1011 210 1082 802 699 872 1496 829 1129 39 707 1004 1075 
1487 8 930 177 162 992 1121 1149 601 1487 
484 5 269 380 1153 278 1015 
1045 34 774 1475 377 1324 537 1288 1042 650 483 328 1123 239 1197 493 206 554 1216 650 1067 590 1086 918 1456 886 624 402 857 1308 792 794 1484 1335 1384 857 
2181 27 70 1244 687 576 273 856 783 1261 44 975 558 1198 1302 101 848 432 609 1150 564 852 975 903 1290 594 326 1005 736 
2006 19 1209 1334 494 870 1215 268 291 1103 968 44 353 224 1129 1267 337 1321 1041 141 550 
923 25 544 47 874 444 124 567 674 197 52 867 977 3 409 1253 1377 1376 645 676 794 859 973 308 1213 1256 162 
546 39 155 227 1464 1201 863 115 699 1134 744 1211 57 726 653 775 654 900 63 1222 1080 827 444 701 1270 148 651 1243 33 1319 1356 362 129 1294 174 193 1435 510 1472 1326 697 
2880 33 310 246 1440 1127 1231 1100 550 101 365 392 288 67 577 1077 650 510 933 444 682 1237 476 214 300 756 833 605 154 1483 677 856 257 1465 1358 
2689 19 409 1113 466 302 1180 71 220 232 433 1204 994 1001 529 800 537 1274 871 1403 426 
1247 39 1083 1129 833 1453 763 188 788 229 894 1087 1211 1492 796 1207 747 486 712 604 1356 965 271 344 115 384 436 1085 900 37 336 186 37 720 1020 932 346 138 1400 1098 748 
916 7 51 375 372 1217 1207 1427 89 
898 33 62 789 757 915 1394 371 912 475 462 985 455 340 81 211 591 60 1327 834 198 953 991 84 900 141 1453 817 1103 1279 829 146 1021 1334 480 
666 27 156 148 1174 637 1067 1430 929 1231 167 679 480 190 332 275 304 54 1317 859 8 722 1258 364 294 671 662 193 1432 
305 27 1408 432 761 1442 443 1328 194 1106 406 126 160 600 875 479 78 381 486 318 859 1379 603 183 505 1149 1324 1277 928 
123 39 149 53 177 944 1020 1090 345 558 222 40 1307 1256 1300 32 309 965 583 1429 614 1089 610 291 1058 1494 1058 292 606 1149 508 907 1229 703 275 1438 703 514 470 1462 330 
1516 32 1074 1270 1246 642 852 85 425 985 555 787 846 1189 1322 666 986 237 1036 697 1024 664 664 766 569 1215 378 41 1416 1124 979 1323 1500 1454 
1168 32 1442 618 1459 417 1483 997 676 932 1282 31 913 211 210 908 560 339 1427 1229 1278 1390 373 225 1297 148 1473 1092 226 183 431 936 669 496 
1374 14 675 1487 1048 319 1419 662 93 116 1084 898 1318 879 1401 223 
3038 18 354 713 132 949 758 23 912 491 122 1191 818 713 961 910 1205 307 884 409 
2109 3 784 96 736 
2026 14 1090 1142 1345 662 621 473 1057 1483 80 308 847 1198 210 991 
2004 9 25 1217 507 1174 390 864 1129 191 223 
2273 9 912 202 301 917 451 580 1462 87 160 
681 19 200 1086 1458 1118 302 996 1066 1101 921 727 592 168 192 639 25 1376 1335 28 1360 
2196 20 1155 493 945 542 41 587 1042 1273 83 233 214 1476 1338 280 691 783 1173 1257 162 1365 
184 29 1159 729 169 946 37 607 314 484 1049 1349 1432 524 425 262 421 527 363 459 258 1246 943 317 1172 672 1405 1146 1352 998 766 
394 31 394 626 465 1375 1098 1403 859 262 419 252 936 376 1163 60 505 1466 1476 351 517 1421 838 965 854 544 1156 90 63 1370 310 997 1044 
1891 1 990 
1469 38 772 434 476 339 1149 1140 445 1222 1359 1269 470 1070 1207 883 1474 485 536 887 1493 1469 1216 20 398 1167 763 308 644 1432 1242 849 494 1325 1232 618 882 306 623 1331 
1710 23 799 1306 791 1153 419 320 1211 698 180 383 1372 183 726 1225 98 1358 736 785 899 821 1055 1324 1046 
1468 38 579 433 1178 1217 960 95 1410 1055 754 1442 392 1240 236 996 1019 923 492 136 751 528 608 1196 932 153 1045 1349 529 1466 180 854 494 75 1238 524 32 1429 1306 374 
2863 32 65 28 1487 1459 121 181 745 1192 50 1397 1225 121 129 1380 1284 1287 37 769 420 575 931 562 351 850 381 520 396 261 171 1078 1277 1076 
585 29 197 1327 481 6 652 727 993 39 681 434 927 226 219 917 611 172 347 1248 43 738 269 1195 1093 290 1161 1372 534 423 456 
1305 19 192 3 1256 1006 1062 351 116 857 681 717 358 556 358 1180 367 1113 610 953 1211 
526 5 947 971 327 436 171 
2914 31 247 681 807 119 303 212 319 1367 1099 594 688 742 145 496 909 587 1092 1020 78 1021 299 908 419 479 720 1458 777 1134 566 564 605 
2353 20 10 1441 1291 1412 121 1319 647 447 1078 118 116 21 1128 1067 40 291 963 997 1185 263 
1268 33 542 1191 1085 329 93 1258 265 954 383 1380 636 211 1493 412 49 184 452 291 1371 627 743 442 589 1009 115 244 1176 1116 479 1225 1186 892 1178 
3093 1 1120 
2521 18 1229 198 1054 693 1398 33 402 1163 1109 1074 65 703 448 1477 1487 436 541 1302 
132 11 199 776 649 1414 1199 440 394 225 1346 1453 168 
1514 6 1174 1060 64 538 636 794 
859 1 1274 
2085 2 1194 14 
1179 26 1237 711 1424 1056 946 592 1002 830 971 766 450 403 479 1408 710 285 492 1341 175 1428 440 291 1278 1305 620 299 
1762 22 597 90 319 758 156 926 369 18 770 992 946 441 1291 428 250 134 460 181 226 256 548 1088 
919 15 129 315 328 900 647 1058 528 937 588 172 794 1198 63 569 1237 
1578 14 948 1489 915 971 453 986 908 739 709 295 620 1110 33 204 
778 25 1370 449 350 689 154 462 240 1471 736 735 1203 1289 956 1002 1253 1208 513 1435 995 78 522 727 802 741 775 
2124 20 945 1190 713 1269 539 362 782 499 1211 1387 559 1235 1227 570 432 357 112 561 198 1081 
367 34 724 627 972 17 1327 1047 1 1440 392 482 418 1499 917 493 1080 1043 1030 159 468 181 132 445 476 1042 47 140 408 790 499 555 963 1092 92 721 
1138 37 1055 729 921 575 1437 48 1380 826 866 387 1047 975 996 609 1205 193 673 784 1441 797 535 107 506 1011 335 350 1153 234 375 962 416 906 932 1050 1385 1400 334 
1974 40 237 366 838 1469 1000 1050 1439 493 274 427 246 327 1059 1451 783 562 1214 312 1068 301 900 1009 269 1306 933 120 1067 78 607 1020 506 1497 491 363 1320 13 37 391 435 358 
231 36 448 1405 326 953 892 255 857 1024 1391 280 1166 727 1068 1394 185 73 224 164 1273 1067 687 244 1473 59 995 1024 283 855 854 1417 208 750 162 392 1180 992 
2065 14 591 742 856 869 653 895 517 895 1146 153 85 178 981 1380 
263 21 1030 601 576 1450 745 805 1492 12 869 1083 1207 1411 476 156 737 1250 1461 258 655 1257 524 
546 26 811 1033 1210 298 29 1395 193 422 1087 1206 585 1163 182 1279 207 612 775 911 389 597 1191 419 829 441 1264 1206 
2875 36 735 255 377 153 170 221 38 898 532 188 808 449 151 1206 1359 1243 253 749 392 216 361 791 187 926 136 488 763 549 767 494 1216 710 308 635 51 1106 
2356 2 1151 810 
1547 27 159 1469 804 392 451 390 298 1064 257 1074 719 892 249 1143 1057 439 1274 1038 60 1190 714 683 1316 1227 663 747 880 
279 36 42 1140 1104 944 941 627 363 337 1330 898 479 760 427 785 830 1490 816 407 412 778 1352 931 1048 622 313 1274 1175 975 950 1138 1344 1321 490 613 632 530 
162 39 336 245 376 540 527 1230 751 286 845 80 1169 509 20 1255 975 1227 58 508 893 1374 936 1346 293 388 630 214 402 47 954 312 301 505 729 315 228 1049 819 59 293 
3073 6 1170 242 1364 990 286 590 
384 12 620 530 145 1240 968 390 1277 820 27 145 761 766 
387 32 500 1421 440 170 1228 1475 8 3 358 1012 324 498 647 1290 49 119 1464 213 727 490 827 1134 400 594 210 592 352 477 483 1112 553 876 
2644 4 1190 909 451 231 
230 19 774 588 591 1450 1103 773 58 1020 1185 1437 239 351 764 739 1464 1224 383 853 1461 
335 23 81 267 561 804 1487 1390 1470 1067 64 853 806 1009 589 733 1034 956 1298 619 186 355 1168 1321 1351 
2573 25 419 1374 479 1171 1074 1419 1298 72 190 1094 1196 957 545 1265 1498 65 163 548 1412 1127 1463 1270 33 269 178 
1916 27 535 354 1076 620 35 1249 1102 1474 1043 1164 1105 547 298 146 356 1434 686 337 326 376 1334 648 289 354 1314 709 1334 
669 11 741 1045 833 825 628 270 232 1462 879 973 405 
1491 21 1496 420 478 1095 535 253 659 8 1037 936 1319 727 1192 232 423 884 217 1212 799 150 1005 
2711 6 457 1459 786 304 723 1019 
627 31 94 910 1345 1180 526 983 878 323 405 170 1091 1209 886 427 198 885 1042 68 475 957 844 374 748 431 332 394 132 480 1370 1080 1158 
2225 20 824 963 1284 61 628 860 1018 627 1348 125 1076 1244 1432 195 96 796 1119 318 798 1326 
2128 19 230 961 838 23 875 1436 1391 100 999 25 1262 482 1447 621 61 740 549 1028 1316 
632 30 1449 1348 1424 577 1135 758 38 1285 1470 811 34 886 267 248 590 531 1138 34 450 1362 559 672 857 636 227 952 582 1147 103 438 
2478 25 785 586 1144 1079 1298 225 643 890 211 375 1080 92 1124 164 902 1191 1022 1483 1363 1009 184 1354 613 631 229 
962 21 704 832 1198 404 552 599 296 1335 282 740 111 12 201 1317 1072 1043 1474 619 1246 1406 251 
1837 11 947 1470 314 459 217 25 349 1435 98 40 1447 
2299 4 672 1074 1092 1307 
1858 39 130 397 779 1388 757 11 47 324 273 916 580 1032 442 871 1432 844 260 10 685 1101 1008 520 940 56 131 1026 1216 1451 864 586 1044 762 148 227 67 1160 1255 937 560 
2822 14 1460 1393 450 191 595 1476 618 649 1007 1059 335 1425 436 1311 
2922 4 1339 324 379 1234 
2359 16 65 82 338 286 1129 162 1225 652 820 154 671 218 367 300 834 1181 
295 34 1329 1140 33 1000 297 1294 556 47 1334 1144 766 63 1442 1256 256 1272 1205 467 1196 78 338 427 532 898 321 859 562 959 561 751 354 431 1272 731 
308 3 544 1419 547 
2643 20 405 656 446 500 394 371 1177 1445 150 787 303 728 381 257 641 1125 701 577 669 807 
185 28 171 307 948 742 1227 908 1453 1305 1263 149 878 1426 1253 1325 229 358 75 814 991 699 640 677 707 344 994 904 404 1087 
497 33 283 254 36 1010 416 344 1488 182 513 516 259 1412 647 746 1282 601 670 149 1396 1242 423 329 1166 415 1292 1125 1188 1385 1474 564 350 231 1097 
191 12 635 1141 1059 925 378 1453 1389 1442 673 841 426 410 
2601 27 356 425 36 1457 1135 1425 270 684 381 1076 473 161 348 1232 1288 713 702 848 803 1374 531 836 1299 1052 545 1106 42 
1230 28 177 1025 1015 75 334 1174 113 643 197 559 360 606 898 676 828 611 1489 392 10 136 871 817 672 200 251 542 982 818 
767 28 305 878 663 893 143 118 646 1241 992 511 1034 1353 1491 478 710 445 383 589 302 928 28 699 903 1347 945 1142 207 190 
747 10 1127 1122 1356 926 1415 116 629 246 7 32 
1104 17 1187 517 909 156 724 872 511 1118 584 268 3 1105 1110 741 340 497 1208 
1719 5 180 1105 749 1427 582 
2353 26 288 201 911 680 1376 524 1414 975 1375 1051 271 386 1207 135 794 611 368 1091 317 1488 621 470 1262 999 1297 19 
2243 40 1170 545 1201 368 1132 409 243 992 605 1380 1009 102 380 1453 1269 163 548 638 819 1146 678 1306 968 1448 829 131 148 252 1192 1213 1337 1057 1282 115 1278 1274 1066 8 239 1185 
1604 25 701 335 772 437 1056 446 1384 1228 1050 585 1221 648 359 424 47 385 347 1059 611 177 432 28 537 1460 1049 
690 5 1356 522 882 467 1390 
3088 9 363 991 253 424 1417 1070 420 1198 946 
530 14 1325 1439 969 343 1159 329 1275 297 86 758 276 744 1452 869 
2390 10 44 1428 1285 843 53 1162 87 439 656 819 
2293 33 748 228 1486 680 2 714 681 392 1281 819 319 116 1263 574 1127 165 280 1491 1335 1477 343 1331 885 769 995 1068 913 12 1111 1412 1198 1073 1017 
970 9 802 1412 1123 1191 450 1444 1444 837 264 
793 3 1409 1014 1220 
2340 11 460 90 504 7 208 526 446 1337 754 933 1262 
875 36 82 1375 1335 1048 918 1462 1498 1209 1193 1032 573 934 460 1012 350 1333 1011 434 675 1319 470 1283 65 1140 202 1319 711 1266 1101 1013 1190 773 42 401 802 546 
1928 24 1397 168 1095 71 255 1207 781 153 278 830 1346 343 591 546 574 49 1308 745 872 1139 103 1340 1308 83 
1166 1 1486 
2403 1 80 
1888 40 322 760 1243 246 23 1012 1283 199 853 755 1013 638 1087 913 171 261 1316 511 604 1322 797 352 1117 10 1331 168 1293 1101 280 481 617 222 1036 689 1484 400 2 672 201 1269 
2631 15 983 1182 31 383 632 924 1002 821 1025 909 489 30 1465 69 1273 
1453 12 1003 1455 543 541 627 1099 359 1192 806 298 90 477 
1199 25 1449 361 1304 1167 1005 1006 620 1376 1404 288 1403 664 989 731 617 519 1291 514 150 914 1068 663 889 1171 214 
1663 18 200 593 892 934 898 662 434 954 1295 1411 1480 1443 1016 420 569 1236 948 198 
267 1 756 
1937 40 1110 1110 821 524 643 48 1433 1254 206 481 558 901 329 729 1118 51 1051 1127 157 384 565 96 1265 798 269 955 1013 203 893 540 289 726 612 1245 1381 7 598 786 166 974 
753 3 1285 404 1421 
2855 1 815 
1267 12 1151 987 736 626 1375 702 1289 279 374 101 625 492 
305 11 615 508 450 702 476 1345 563 1191 560 700 890 
1702 40 1129 814 391 579 1064 152 899 950 212 1117 1259 1244 930 1377 606 1318 62 1158 1368 703 732 614 1305 380 713 12 1434 70 727 180 444 1420 370 1154 699 1483 1136 1041 1404 814 
1627 21 1242 815 1435 469 1297 1351 303 681 1164 157 267 1046 153 1386 746 675 1451 1095 271 477 943 
1919 34 206 646 240 1421 818 193 213 1345 369 446 1305 1233 951 931 417 867 1082 264 952 915 1074 294 687 633 1179 49 636 382 827 1329 437 1353 643 1200 
1542 37 103 599 342 1267 366 1424 714 1250 511 671 1018 935 103 1299 724 654 878 843 482 1160 1119 60 924 359 559 1434 662 295 344 1354 271 794 136 1094 709 230 43 
350 27 1125 457 286 168 357 1058 1354 1306 1486 1258 1129 820 1145 132 1305 1119 414 424 265 1431 736 1492 1124 940 79 9 1057 
2466 10 1254 1296 502 1178 413 1255 1495 247 160 609 
3056 33 1097 351 755 74 554 932 542 743 528 1202 1492 88 666 281 1254 663 469 1008 642 987 817 1182 558 1481 1195 895 133 83 464 1195 97 985 704 
217 33 1465 261 576 1207 26 789 803 906 363 1291 890 1250 132 581 644 248 581 1130 558 848 18 434 198 1068 1179 460 841 343 1161 203 409 581 164 
1427 18 793 855 589 1261 1044 209 723 503 660 89 1065 1265 869 584 482 632 282 61 
518 31 1023 678 871 726 506 373 1374 381 644 1157 337 1081 705 1074 854 1415 555 1034 1322 1499 70 1086 725 114 268 1128 1244 63 463 258 254 
165 39 91 1192 627 1022 897 1081 562 1453 187 602 1102 441 243 1401 1239 665 1114 184 478 570 87 252 540 57 1410 1447 608 155 510 699 353 1131 460 388 1003 1327 1189 843 423 
187 10 1212 1193 1264 566 1165 1385 1149 326 908 369 
506 28 960 566 856 724 430 1010 1051 931 365 777 595 960 927 447 1482 725 266 808 478 50 723 841 562 304 1204 646 320 608 
199 40 1222 181 279 857 98 431 235 1270 502 586 1254 301 936 63 1048 1234 778 125 1072 935 826 602 1426 1362 956 591 656 454 344 770 62 1038 653 1354 994 1253 1258 260 172 215 
1424 16 448 1095 705 377 657 433 864 1029 1106 461 648 241 119 1061 1421 585 
2953 12 892 414 139 220 1466 1387 509 429 1160 269 521 126 
1861 27 1188 1167 230 1038 732 1440 654 1490 1367 421 540 172 332 998 1433 120 910 1137 1216 746 642 1389 121 861 1347 42 137 
2683 8 611 219 1301 530 934 919 818 454 
701 35 1042 1405 1253 107 436 102 24 861 518 1360 648 844 68 889 1058 505 1034 654 815 868 428 332 801 1028 1280 1453 1024 1225 785 1239 596 1136 706 690 269 
1631 1 1201 
883 8 777 1091 174 153 250 1394 227 202 
2214 32 917 773 1088 336 1316 715 1018 755 1364 1143 376 507 1317 1495 915 1279 1226 579 891 137 1178 878 1383 613 382 27 259 982 1259 188 1065 78 
2754 9 990 341 569 6 70 1386 594 249 1089 
781 10 323 583 1116 20 1253 859 153 361 380 35 
115 17 464 895 1177 971 672 255 584 246 794 585 1075 764 480 976 1151 1264 1396 
1624 3 1326 1140 112 
596 10 673 247 267 1049 585 1113 817 827 938 58 
2606 22 753 76 1030 1045 115 193 74 1325 754 259 1474 24 1479 617 859 330 127 812 338 1293 504 524 
2292 15 537 1481 1116 1403 36 480 236 352 959 334 1427 281 249 234 1269 
369 31 893 1399 434 1010 627 390 762 426 517 442 568 1416 27 188 319 708 1219 900 110 891 1189 631 1079 1282 1048 104 1126 214 192 437 342 
346 9 1053 731 1010 1385 1152 1405 612 1202 198 
1995 19 886 1475 684 695 623 1475 1119 446 1081 429 61 839 721 277 391 1033 115 1019 803 
2097 23 490 290 810 621 16 103 914 1363 882 1444 148 371 748 1051 593 901 1299 743 653 420 906 502 978 
2906 14 993 543 1419 493 1245 309 604 1076 1360 18 329 592 922 226 
275 30 217 1140 1277 469 255 891 1281 489 701 1080 730 502 631 205 473 539 291 658 1121 539 446 1399 194 1336 865 127 636 990 983 1171 
2900 30 127 1362 1304 840 1389 272 1439 941 854 304 1207 233 1432 1458 835 1160 1286 804 31 1379 43 1149 894 646 1368 600 966 1327 1437 534 
409 9 761 546 911 831 1301 812 231 1243 469 
2579 8 814 1448 1368 725 536 617 1021 330 
1530 39 1133 632 733 342 249 379 1419 418 1258 1295 937 79 201 1464 1078 630 1051 998 1298 187 1076 1123 467 711 192 191 484 333 355 495 889 1395 89 893 482 1130 930 463 1354 
1221 15 260 1188 183 1182 622 295 1040 726 1294 1167 860 337 1310 110 1315 
3051 17 904 621 668 1404 911 710 717 1303 94 485 44 710 223 270 1241 229 203 
2213 9 877 1393 721 1464 625 494 907 1086 855 
1839 9 530 856 352 1310 632 931 1430 42 107 
1343 15 335 338 604 1088 570 601 1102 1061 1023 266 89 519 846 89 209 
910 21 1423 616 248 1116 2 694 1468 1404 229 386 345 615 1281 542 1410 1211 801 69 11 789 1182 
1935 20 464 302 1183 326 1190 1086 1484 1270 1257 529 975 604 1082 175 1424 11 1278 757 1075 562 
509 11 1207 150 857 1268 57 1061 1184 604 1029 70 169 
2163 13 738 706 670 332 375 1440 395 222 1474 1155 945 371 1130 
2316 12 705 1451 1431 611 33 1361 586 119 584 505 838 1148 
365 28 207 1433 904 110 1449 181 355 17 1098 57 672 531 476 976 609 557 644 900 548 1157 241 983 1194 1073 654 278 838 885 
655 17 80 58 626 795 808 72 957 655 636 173 654 327 9 915 1049 1289 1396 
1779 40 1363 1171 1328 1125 1338 1113 207 724 1018 232 743 433 1431 985 1180 309 388 414 1022 562 1093 939 1207 1208 98 749 270 597 403 238 1471 737 416 816 544 1426 873 1162 1339 101 
2449 28 860 1358 639 947 682 317 492 840 61 1353 1119 1244 871 269 842 1240 780 637 462 57 290 486 612 714 192 1245 1479 965 
728 1 634 
1935 4 1207 1404 1377 215 
1448 29 772 793 942 51 247 1233 985 37 162 292 1172 306 524 616 463 278 1 1362 1473 1404 1058 1088 155 1275 1406 135 147 914 671 
2151 34 337 724 58 732 1175 1128 1284 375 513 795 1195 1267 1472 258 14 1061 1126 109 1144 1259 665 693 1385 1443 488 140 33 870 554 440 85 791 164 1082 
1067 12 434 711 1333 404 1105 983 613 1009 923 1329 472 1384 
1671 39 135 543 1400 838 1273 1190 765 1413 1205 861 599 210 594 1337 900 1293 334 349 1432 876 112 139 229 170 906 11 748 20 1026 639 417 1053 1167 752 947 713 889 704 947 
1067 33 592 1021 524 211 716 1083 904 1241 836 1470 379 901 361 382 1132 438 873 302 99 635 443 1004 1216 539 875 1302 682 1228 1164 149 883 219 1327 
1819 14 919 595 96 261 9 309 775 728 1136 918 67 978 40 986 
1164 6 845 319 1185 1089 593 923 
1023 2 669 159 
630 37 527 852 793 164 824 86 1064 843 1194 559 772 648 140 601 601 1182 1049 1071 1213 1429 354 932 1161 1334 367 1129 1201 83 175 916 601 1486 475 1214 1227 1318 1184 
1274 14 426 1088 830 275 809 1323 378 1146 1250 574 1263 583 225 679 
953 27 644 674 88 1145 859 867 1340 876 486 770 515 743 441 1344 983 1366 922 754 232 566 833 979 286 1376 320 384 1331 
1573 32 724 28 247 580 526 81 269 1416 449 706 1451 505 1355 1348 451 1119 1499 81 8 539 957 54 85 322 1221 341 542 866 98 226 579 859 
2879 3 1014 33 242 
2547 4 1236 13 932 967 
1110 31 1096 1393 121 503 871 829 817 1233 651 1234 830 620 894 941 386 763 1497 1320 734 1225 790 619 190 308 88 1134 709 1271 107 643 1108 
2221 7 1305 200 1290 1469 476 397 122 
3031 35 891 1262 1010 412 286 1394 1180 479 402 1089 1038 750 145 1014 1353 736 1481 786 697 475 465 908 1227 618 1322 953 96 946 1017 364 764 736 1455 189 89 
2474 1 816 
2897 28 285 989 394 712 17 853 1425 1236 107 476 1110 271 580 192 462 387 1137 900 380 1045 482 703 569 999 221 262 1206 1295 
1794 33 739 293 1025 161 575 548 1062 1357 1237 753 394 679 321 1384 54 600 120 1135 43 963 856 1359 1429 154 331 950 1105 461 845 679 868 1133 576 
2319 4 1461 400 1150 1064 
1321 32 1132 832 52 55 13 820 1062 1438 1343 854 790 1201 784 360 1470 1487 328 1202 154 1363 847 1052 587 709 1181 748 632 170 918 443 219 1452 
2178 28 870 1335 598 640 443 443 121 132 416 730 794 576 1103 33 1106 826 1293 1060 431 811 1149 1025 862 824 271 985 369 415 
2421 37 797 66 1067 666 928 380 879 652 773 659 498 936 375 978 45 256 1147 40 1485 71 876 1005 821 241 1185 476 826 692 758 332 237 660 1347 150 1389 656 102 
1798 29 1409 529 126 812 1450 627 333 255 433 315 53 692 477 1133 166 880 525 961 387 1401 707 958 342 677 25 788 532 1241 552 
595 32 175 545 587 477 254 509 388 1204 1431 1132 1294 91 1456 765 539 1318 1034 1372 199 1227 916 1392 347 925 358 983 840 781 879 1315 1299 1321 
854 25 1034 1104 72 829 848 489 539 943 805 63 13 1260 1132 889 1263 766 102 879 1447 1245 887 929 1463 1370 847 
1242 19 204 9 909 1098 440 387 115 633 1193 238 951 16 1217 923 93 381 998 606 604 
417 32 534 675 1421 138 82 1267 682 1084 422 1387 869 460 1441 716 788 483 89 334 1427 597 1335 1418 34 860 1456 522 499 386 161 785 1384 94 
118 36 1387 1388 1247 181 1205 7 32 1157 332 694 180 598 1181 242 816 533 1060 1375 726 818 804 501 1337 636 426 740 1040 358 417 651 814 72 781 914 242 285 
1292 35 877 654 1269 427 664 743 564 936 868 1432 29 68 811 1411 1204 1095 229 976 1307 250 1299 309 1377 1004 1066 648 355 1313 239 717 810 941 50 1452 1036 
881 36 975 34 541 1474 504 145 827 802 21 1416 586 956 227 406 545 1342 228 192 1257 352 320 785 89 1454 255 723 108 338 149 609 328 721 646 387 1059 325 
498 26 974 420 608 1093 712 271 1092 911 364 1045 33 562 804 942 233 1062 617 452 1006 838 65 1225 1288 780 273 153 
807 31 1011 1273 986 82 705 1500 892 623 195 1085 954 521 617 437 210 1154 68 538 477 335 1414 537 1141 525 1316 1088 860 532 1232 246 481 
1349 8 367 850 394 1125 387 766 1130 855 
2641 15 666 588 750 878 1373 723 1500 93 104 171 1359 666 929 656 766 
1406 18 694 460 82 568 1207 1314 521 178 1014 503 1380 777 465 143 290 1320 6 366 
1784 15 738 1150 410 757 1489 1348 952 1162 638 1259 320 1066 286 762 993 
555 7 250 517 78 755 586 523 430 
1955 27 111 1116 203 143 415 364 372 1474 1363 998 1072 1279 703 376 337 495 771 844 349 468 763 427 338 740 300 894 1177 
2747 16 419 118 934 89 1 186 52 148 1159 338 116 907 1187 1067 937 1151 
986 30 599 1248 392 58 902 41 497 1472 1079 1052 1045 211 1011 1173 885 360 1336 1458 1081 335 574 832 434 1443 182 448 571 726 953 1200 
185 33 390 555 1222 998 1237 37 1418 958 651 132 1304 1198 81 148 167 988 610 361 347 208 267 1479 575 1484 442 1373 1447 1014 1199 1014 1298 273 1045 
2311 21 929 919 565 178 220 609 420 63 653 38 1355 343 1430 467 658 1106 498 274 1201 671 548 
958 10 1303 463 431 161 619 1190 1007 1187 982 482 
810 36 36 1241 1227 1208 602 733 640 1476 759 1102 244 426 1055 276 1204 942 1118 212 58 1095 211 816 914 737 1113 1369 1076 164 1073 1197 1182 193 721 1494 980 272 
2652 6 657 58 232 1479 8 723 
2877 32 823 479 975 648 858 176 826 922 455 207 347 262 1052 543 498 1024 1218 578 1197 510 1265 568 631 1055 972 1249 851 1025 1255 290 942 710 
733 10 148 1211 239 1209 998 1340 710 1097 663 880 
1459 13 868 780 1478 134 700 810 180 72 1478 344 1478 1225 1401 
1632 25 1083 873 1275 1489 1200 435 85 645 90 353 199 612 1305 1099 1492 619 884 953 464 703 565 934 1206 480 904 
2183 39 146 530 1177 283 679 543 441 447 481 134 909 1212 645 1235 980 339 636 789 1200 1390 145 689 1067 1209 676 1479 1338 265 350 204 526 869 992 1076 1241 310 220 1288 1479 
2396 25 822 682 322 806 972 747 203 606 75 1014 656 147 85 1451 794 225 512 358 1383 900 524 1035 29 112 1303 
2226 11 1204 156 1367 1074 1285 1238 530 403 1053 345 213 
2011 27 589 57 1097 64 282 429 669 526 704 1440 1141 976 1169 1429 1237 343 787 369 569 732 1233 873 129 378 1417 1036 968 
407 3 1488 1225 258 
2120 36 1379 1228 1442 1444 1123 264 356 1269 715 510 621 1178 1341 636 1400 972 1029 1367 753 1152 491 703 226 986 820 1121 1060 370 810 1075 694 216 1087 168 1172 598 
2522 14 402 265 1036 1432 581 839 62 1256 614 443 1258 1101 467 178 
2230 28 903 934 484 772 1070 440 1477 307 995 349 1168 1071 63 1305 905 613 611 1315 1293 1336 1234 1356 796 205 502 64 877 1087 
1174 5 1322 541 1247 905 348 
494 3 470 904 765 
1745 31 1291 321 657 1370 387 651 1315 1348 1466 742 442 257 1042 838 698 1045 638 439 1188 866 316 1259 1122 1427 215 128 593 84 1483 573 1466 
3069 3 231 1209 485 
2117 22 1447 1493 1290 96 555 994 13 316 708 1175 476 1436 440 877 1236 189 28 763 1022 267 534 221 
274 27 875 694 1061 1307 191 1158 361 1314 269 1416 1293 1276 1368 834 256 349 830 138 655 511 642 597 1347 696 1493 683 1388 
1365 4 246 1188 528 1089 
2253 12 184 1023 52 1150 1165 147 717 28 86 1393 202 32 
1286 14 426 1197 1066 590 1332 552 1223 949 689 494 279 1218 143 761 
1046 4 1095 329 1259 1109 
1820 21 405 1240 306 535 1256 1089 838 936 1165 1382 999 607 660 1028 1076 700 722 856 1254 1311 617 
2747 12 882 1261 65 193 808 1254 33 263 1443 1410 111 1021 
512 4 670 1406 741 620 
475 20 492 1282 149 642 974 29 542 1158 568 325 1354 409 877 617 722 432 1448 1192 595 203 
1719 18 586 976 1055 857 1259 386 895 510 879 90 1406 114 627 1462 1003 953 132 1076 
2348 30 988 42 512 975 1012 996 318 649 848 685 1087 1239 1392 517 1304 1124 964 681 181 799 1387 1013 1001 502 1087 1088 54 149 652 1030 
728 8 114 1306 1159 1339 579 72 81 738 
3085 28 85 644 785 497 333 31 1109 513 595 1261 727 1493 614 986 369 227 1304 85 1159 1202 9 555 280 250 135 526 436 1085 
721 14 1226 538 457 1134 1389 1235 1338 453 698 1488 1238 1254 1061 474 
276 12 762 1136 765 274 1042 317 1212 308 18 1274 1091 627 
756 23 1348 450 733 493 224 1144 160 93 1270 687 1488 1335 618 177 1416 635 877 770 268 1263 428 503 591 
